0.148119
0.837755
0.577660
0.458390
0.413195
0.622673
0.829327
0.704449
0.462855
0.025979
0.269321
0.210029
0.024198
0.409421
0.664109
0.103166
0.779371
0.208156
0.312375
0.964523
0.229638
0.474780
0.060652
0.153479
0.452206
0.744197
0.898356
0.588403
0.931690
0.064704
0.331747
0.745294
0.591074
0.223727
0.604134
0.298347
0.068479
0.661816
0.106559
0.408442
0.081948
0.736772
0.325231
0.974148
0.339131
0.546074
0.546593
0.163773
0.547713
0.722993
0.081294
0.509709
0.183501
0.636099
0.256781
0.739649
0.809678
0.374753
0.923873
0.291223
0.169152
0.788823
0.336269
0.376998
0.964040
0.392134
0.891106
0.103923
0.322603
0.562551
0.876477
0.974498
0.721727
0.725580
0.726633
0.369379
0.185752
0.472126
0.330893
0.110149
0.152679
0.479804
0.712102
0.296378
0.891729
0.128924
0.312062
0.142458
0.494927
0.701243
0.266653
0.222587
0.971995
0.775559
0.113933
0.540977
0.105783
0.245270
0.322742
0.918397
