0.474129
0.398530
0.339897
0.797221
0.861586
0.526611
0.633231
0.089569
0.041629
0.741129
0.588217
0.790145
0.451760
0.720427
0.734207
0.956091
0.152271
0.440804
0.232884
0.100462
0.041629
0.783087
0.646355
0.985357
0.004984
0.532620
0.550854
0.266839
0.741129
0.575633
0.686381
0.948782
0.526611
0.183317
0.847187
0.588217
0.424658
0.693142
0.520637
0.177348
0.186356
0.797221
0.755036
0.243844
0.251349
0.202114
0.639779
0.666249
0.045446
0.479815
0.378341
0.035602
0.861586
0.581909
0.137117
0.693142
0.727306
0.948782
0.912315
0.040718
0.686381
0.890517
0.607328
0.502925
0.149661
0.679644
0.963403
0.639779
0.890517
0.243844
0.727306
0.108294
0.633231
0.720427
0.262906
0.594557
0.008677
0.189433
0.291282
0.594557
0.330691
0.344560
0.195698
0.358795
0.818546
0.912315
0.036414
0.594557
0.956091
0.797221
0.734207
0.693142
0.485538
0.556999
0.919596
0.811422
0.485538
0.232884
0.672934
0.659591
