0.664745
0.000000
0.820183
0.000000
0.000000
0.684018
0.000000
0.000000
0.800243
0.034452
0.390936
0.643297
0.000000
0.602605
0.180700
0.819043
0.000000
0.000000
0.182491
0.373526
0.569852
0.000000
0.000000
0.199962
0.794404
0.000000
0.229491
0.515441
0.000000
0.000000
0.104502
0.000000
0.090668
0.000000
0.911066
0.238665
0.000000
0.000000
0.798473
0.952987
0.000000
0.488795
0.636200
0.000000
0.419729
0.447546
0.953821
0.240910
0.000000
0.000000
0.236790
0.702983
0.309670
0.037367
0.229343
0.546777
0.431204
0.203737
0.000000
0.000000
0.963234
0.000000
0.256368
0.000000
0.073475
0.896106
0.000000
0.336938
0.485440
0.200293
0.031089
0.192973
0.000000
0.915110
0.882333
0.876270
0.130874
0.106519
0.119232
0.428268
0.000000
0.375520
0.000000
0.000000
0.135903
0.000000
0.609311
0.000000
0.000000
0.000000
0.956017
0.275413
0.000000
0.154550
0.431905
0.116114
0.000000
0.953730
0.000000
0.000000
