0.273322
0.000000
0.099793
0.000000
0.000000
0.491021
0.000000
0.000000
1.000000
0.835787
0.352780
0.942071
0.000000
0.219107
0.621577
0.284000
0.000000
0.000000
0.548885
0.387282
0.987002
0.000000
0.000000
0.545035
0.680499
0.000000
0.940502
0.053066
0.000000
0.000000
0.391173
0.000000
0.263786
0.000000
0.851412
0.781511
0.000000
0.000000
0.338728
0.268132
0.000000
0.272628
0.955015
0.000000
0.813221
0.678471
0.979339
0.825337
0.000000
0.000000
0.277796
0.532477
0.873027
0.943345
0.233014
0.855919
0.144051
0.457059
0.000000
0.000000
0.826626
0.000000
0.975606
0.000000
0.311916
0.342639
0.000000
0.256996
0.295981
0.523271
0.457663
0.696168
0.000000
0.502620
0.344345
0.903014
0.907271
0.305639
0.243701
0.453313
0.000000
0.597211
0.000000
0.000000
1.000000
0.000000
0.713034
0.000000
0.000000
0.000000
0.909992
0.267619
0.000000
0.527089
0.651589
0.124958
0.000000
0.563296
0.000000
0.000000
