0.571139
0.000000
0.132373
0.000000
0.000000
0.942342
0.000000
0.000000
0.853853
0.332676
0.781765
0.249169
0.000000
0.437110
0.096253
0.935368
0.000000
0.000000
0.886353
0.332796
0.742541
0.000000
0.000000
0.201008
0.057065
0.000000
0.137775
0.351734
0.000000
0.000000
0.601449
0.000000
0.645761
0.000000
0.386721
0.488567
0.000000
0.000000
0.121332
0.723016
0.000000
0.026702
0.387066
0.000000
0.291103
0.570456
0.628297
0.337162
0.000000
0.000000
0.935114
0.812932
0.694155
0.553780
0.626932
0.819005
0.318198
0.024205
0.000000
0.000000
0.684791
0.000000
0.021125
0.000000
0.299554
0.458651
0.000000
0.912500
0.187813
0.873325
0.299224
0.805633
0.000000
0.341489
0.013038
0.193031
0.269730
0.320664
0.922880
0.415237
0.000000
0.214152
0.000000
0.000000
0.828759
0.000000
0.196640
0.000000
0.000000
0.000000
0.235132
0.672512
0.000000
0.918879
0.538413
0.121893
0.000000
0.747402
0.000000
0.000000
