0.661003
0.000000
0.124838
0.000000
0.000000
0.854688
0.000000
0.000000
0.838470
0.481892
0.303221
0.407065
0.000000
0.559131
0.156275
0.940862
0.000000
0.000000
0.262416
0.297600
0.736484
0.000000
0.000000
0.163371
0.030983
0.000000
0.138332
0.092542
0.000000
0.000000
0.890787
0.000000
0.564637
0.000000
0.880785
0.812764
0.000000
0.000000
0.148335
0.530686
0.000000
0.043995
0.227856
0.000000
0.406185
0.491851
0.746345
0.269682
0.000000
0.000000
0.855942
0.496383
0.564754
0.886884
0.830721
1.000000
0.786725
0.025139
0.000000
0.000000
0.838159
0.000000
0.006016
0.000000
0.716568
0.383850
0.000000
0.276132
0.083464
0.416696
0.253578
0.959197
0.000000
0.514898
0.105192
0.508849
0.198101
0.317616
0.870677
0.950475
0.000000
0.272048
0.000000
0.000000
0.967118
0.000000
0.475832
0.000000
0.000000
0.000000
0.105378
0.279493
0.000000
0.883253
0.782896
0.192037
0.000000
0.742432
0.000000
0.000000
