0.476818
0.000000
0.147818
0.000000
0.000000
0.817154
0.000000
0.000000
0.958761
0.448594
0.276625
0.575649
0.000000
0.897868
0.348300
0.903711
0.000000
0.000000
0.318109
0.234178
0.986424
0.000000
0.000000
0.144436
0.049551
0.000000
0.083975
0.084447
0.000000
0.000000
0.648912
0.000000
0.539226
0.000000
0.719831
0.974323
0.000000
0.000000
0.205820
0.689667
0.000000
0.056511
0.262942
0.000000
0.334705
0.438232
0.730186
0.468210
0.000000
0.000000
0.536987
0.286677
0.563087
0.916253
0.948117
0.675059
0.926764
0.019790
0.000000
0.000000
0.711330
0.000000
0.014237
0.000000
0.902666
0.394557
0.000000
0.238705
0.064438
0.304388
0.238919
0.992604
0.000000
0.755655
0.161756
0.757252
0.149967
0.615624
1.000000
0.508158
0.000000
0.419873
0.000000
0.000000
0.918412
0.000000
0.680649
0.000000
0.000000
0.000000
0.158088
0.127752
0.000000
0.860173
0.838393
0.238857
0.000000
0.739418
0.000000
0.000000
