0.704545
0.000000
0.602798
0.000000
0.000000
0.588431
0.000000
0.000000
0.552453
0.795552
0.248492
0.598306
0.000000
0.805852
0.792888
0.636249
0.000000
0.000000
0.315161
0.201867
0.370254
0.000000
0.000000
0.226113
0.950439
0.000000
0.383868
0.351393
0.000000
0.000000
0.567551
0.000000
0.316786
0.000000
0.463157
0.405381
0.000000
0.000000
0.688281
0.460363
0.000000
0.588506
0.309918
0.000000
0.948622
0.244660
0.259933
0.398781
0.000000
0.000000
0.922806
0.737661
0.037747
0.877627
0.985798
0.759754
0.901944
0.947058
0.000000
0.000000
0.447154
0.000000
0.592570
0.000000
0.144766
0.742543
0.000000
0.768545
0.606730
0.124687
0.330920
0.337813
0.000000
0.270291
0.974854
0.903014
0.726757
0.899667
0.170961
0.517977
0.000000
0.166968
0.000000
0.000000
0.303121
0.000000
0.674248
0.000000
0.000000
0.000000
0.360369
0.357071
0.000000
0.134442
0.669272
0.902310
0.000000
0.750133
0.000000
0.000000
