0.397634
0.000000
0.178034
0.000000
0.000000
0.834196
0.000000
0.000000
0.824126
0.465763
0.575989
0.839776
0.000000
0.986487
0.654942
0.974796
0.000000
0.000000
0.206910
0.602321
0.529200
0.000000
0.000000
0.248639
0.088397
0.000000
0.374715
0.124929
0.000000
0.000000
0.431923
0.000000
0.262623
0.000000
0.660360
0.777607
0.000000
0.000000
0.430744
0.489927
0.000000
0.096387
0.897157
0.000000
0.559521
0.874788
0.959435
0.871723
0.000000
0.000000
0.438978
0.795522
0.398412
0.732970
0.536828
0.985026
0.588125
0.151426
0.000000
0.000000
0.571989
0.000000
0.073195
0.000000
0.625703
0.811152
0.000000
0.403819
0.026698
0.283309
0.386303
0.834323
0.000000
0.822518
0.119247
0.501350
0.267029
0.725742
0.978761
0.617504
0.000000
0.125999
0.000000
0.000000
0.706027
0.000000
0.763441
0.000000
0.000000
0.000000
0.793021
0.093983
0.000000
0.251998
0.517534
0.048990
0.000000
0.763306
0.000000
0.000000
