0.871370
0.000000
0.825158
0.000000
0.000000
0.421712
0.000000
0.000000
0.759775
0.039399
0.267540
0.888950
0.000000
0.360988
0.200022
0.871082
0.000000
0.000000
0.149928
0.535467
0.937622
0.000000
0.000000
0.251860
0.837355
0.000000
0.389495
0.514949
0.000000
0.000000
0.165497
0.000000
0.073548
0.000000
0.669070
0.216413
0.000000
0.000000
0.766848
0.839406
0.000000
0.573372
0.528663
0.000000
0.429906
0.499981
0.779540
0.182030
0.000000
0.000000
0.323717
0.714593
0.152356
0.032866
0.255416
0.393174
0.654064
0.172175
0.000000
0.000000
0.701170
0.000000
0.176565
0.000000
0.081219
0.967367
0.000000
0.348650
0.431406
0.319984
0.010994
0.144818
0.000000
0.971456
0.490849
0.840935
0.230163
0.094291
0.181894
0.514297
0.000000
0.235533
0.000000
0.000000
0.189094
0.000000
0.548877
0.000000
0.000000
0.000000
0.671144
0.147020
0.000000
0.209190
0.366602
0.202275
0.000000
0.746719
0.000000
0.000000
