0.965292
0.000000
0.573813
0.000000
0.000000
0.360458
0.000000
0.000000
0.693257
0.463822
0.609491
0.843822
0.000000
0.888438
0.902877
0.505793
0.000000
0.000000
0.122699
0.344118
0.479780
0.000000
0.000000
0.499281
0.527445
0.000000
0.596130
0.562144
0.000000
0.000000
0.236211
0.000000
0.438082
0.000000
0.327386
0.223454
0.000000
0.000000
0.574281
0.513410
0.000000
0.415167
0.205093
0.000000
0.973455
0.225539
0.356126
0.546291
0.000000
0.000000
0.810185
0.868860
0.019119
0.383429
0.730316
0.578775
0.848628
0.213237
0.000000
0.000000
0.165372
0.000000
0.749153
0.000000
0.065967
0.992481
0.000000
0.660654
0.865675
0.114832
0.054277
0.610953
0.000000
0.113904
0.835593
0.860850
0.540848
0.714190
0.115251
0.674024
0.000000
0.332958
0.000000
0.000000
0.879239
0.000000
0.534835
0.000000
0.000000
0.000000
0.223234
0.526010
0.000000
0.139446
0.969837
0.757322
0.000000
0.416142
0.000000
0.000000
