0.306942
0.000000
0.401782
0.000000
0.000000
0.277330
0.000000
0.000000
0.677047
0.686280
0.275596
0.899840
0.000000
0.262596
0.597823
0.124039
0.000000
0.000000
0.715269
0.122348
0.799534
0.000000
0.000000
0.688562
0.451091
0.000000
0.463814
0.292983
0.000000
0.000000
0.881931
0.000000
0.455672
0.000000
0.828758
0.936186
0.000000
0.000000
0.239615
0.071253
0.000000
0.184351
0.980512
0.000000
0.527089
0.798891
0.964222
0.652931
0.000000
0.000000
0.430211
0.413649
0.677987
0.696692
0.174915
0.920890
0.259335
0.534561
0.000000
0.000000
0.592245
0.000000
0.710832
0.000000
0.644861
0.399285
0.000000
0.135866
0.849999
0.719918
0.925462
0.950971
0.000000
0.408982
0.325749
0.832842
0.893007
0.461102
0.074357
0.516058
0.000000
0.503603
0.000000
0.000000
0.766262
0.000000
0.981849
0.000000
0.000000
0.000000
0.423119
0.535037
0.000000
0.380836
0.816133
0.790434
0.000000
0.838123
0.000000
0.000000
