0.349501
0.000000
0.074900
0.000000
0.000000
0.984800
0.000000
0.000000
0.818022
0.587887
0.650726
0.876986
0.000000
0.616369
0.720382
0.611174
0.000000
0.000000
0.243183
0.966085
0.800749
0.000000
0.000000
0.392624
0.366669
0.000000
0.692790
0.040834
0.000000
0.000000
0.319096
0.000000
0.097101
0.000000
0.903760
0.641592
0.000000
0.000000
0.495694
0.526659
0.000000
0.212936
0.973857
0.000000
0.815816
0.835879
0.888327
0.975934
0.000000
0.000000
0.413278
0.750167
0.633018
0.832873
0.473383
0.911589
0.181521
0.333560
0.000000
0.000000
0.624825
0.000000
0.499650
0.000000
0.269230
0.380800
0.000000
0.427431
0.038819
0.392421
0.420582
0.912416
0.000000
0.746619
0.179317
0.627376
0.416773
0.608141
0.817312
0.515061
0.000000
0.464148
0.000000
0.000000
0.931894
0.000000
0.838753
0.000000
0.000000
0.000000
0.599305
0.058876
0.000000
0.447648
0.992457
0.031468
0.000000
0.390443
0.000000
0.000000
