0.363804
0.000000
0.226757
0.000000
0.000000
0.853538
0.000000
0.000000
0.908974
0.406394
0.336818
0.949821
0.000000
0.928587
0.666820
0.754990
0.000000
0.000000
0.359327
0.387801
0.685890
0.000000
0.000000
0.138899
0.056595
0.000000
0.135204
0.106509
0.000000
0.000000
0.433118
0.000000
0.518809
0.000000
0.588688
0.879793
0.000000
0.000000
0.314087
0.578471
0.000000
0.078189
0.557715
0.000000
0.297555
0.516637
0.753526
0.810457
0.000000
0.000000
0.401368
0.434021
0.497241
0.880413
0.719072
0.728145
0.943292
0.050561
0.000000
0.000000
0.546818
0.000000
0.027329
0.000000
0.763316
0.617980
0.000000
0.351691
0.063571
0.264616
0.226881
0.983648
0.000000
0.769957
0.166642
0.665621
0.209355
0.855596
0.993756
0.415840
0.000000
0.243000
0.000000
0.000000
0.744743
0.000000
0.861533
0.000000
0.000000
0.000000
0.605705
0.150546
0.000000
0.428854
0.455132
0.114849
0.000000
0.972838
0.000000
0.000000
