0.550727
0.000000
0.170915
0.000000
0.000000
0.978062
0.000000
0.000000
0.766227
0.391177
0.653383
0.305986
0.000000
0.431416
0.161614
0.845985
0.000000
0.000000
0.663770
0.350898
0.651484
0.000000
0.000000
0.168455
0.032607
0.000000
0.151194
0.137836
0.000000
0.000000
0.729993
0.000000
0.528759
0.000000
0.665149
0.619796
0.000000
0.000000
0.110925
0.457573
0.000000
0.051297
0.283641
0.000000
0.324821
0.697478
0.664058
0.318013
0.000000
0.000000
0.975800
0.864836
0.705596
0.734603
0.632909
0.834126
0.518636
0.030175
0.000000
0.000000
0.773271
0.000000
0.007980
0.000000
0.348359
0.433340
0.000000
0.682217
0.171545
0.665706
0.238953
0.848908
0.000000
0.301770
0.034476
0.265600
0.217635
0.310134
0.817807
0.567027
0.000000
0.219815
0.000000
0.000000
0.805133
0.000000
0.306726
0.000000
0.000000
0.000000
0.163739
0.652709
0.000000
0.824656
0.627143
0.153521
0.000000
0.920168
0.000000
0.000000
