0.741109
0.000000
0.492515
0.000000
0.000000
0.889065
0.000000
0.000000
0.505723
0.035188
0.520754
0.506724
0.000000
0.651965
0.200736
0.667345
0.000000
0.000000
0.255725
0.568189
0.431278
0.000000
0.000000
0.188149
0.478790
0.000000
0.237591
0.541243
0.000000
0.000000
0.107621
0.000000
0.071937
0.000000
0.733115
0.347959
0.000000
0.000000
0.979315
0.694174
0.000000
0.471724
0.610408
0.000000
0.582038
0.472107
0.891829
0.275419
0.000000
0.000000
0.244343
0.654364
0.412208
0.052924
0.237414
0.596174
0.347722
0.312605
0.000000
0.000000
0.551597
0.000000
0.598430
0.000000
0.045634
0.732031
0.000000
0.369504
0.546614
0.324324
0.140241
0.321339
0.000000
0.797502
0.791144
0.935887
0.086784
0.092639
0.087570
0.209603
0.000000
0.326183
0.000000
0.000000
0.218392
0.000000
0.833918
0.000000
0.000000
0.000000
0.886709
0.359116
0.000000
0.139146
0.498573
0.112842
0.000000
0.804333
0.000000
0.000000
