0.985329
0.000000
0.475828
0.000000
0.000000
0.640533
0.000000
0.000000
0.874913
0.653065
0.768495
0.685947
0.000000
0.986487
0.972576
0.507031
0.000000
0.000000
0.091730
0.596078
0.822786
0.000000
0.000000
0.448778
0.412846
0.000000
0.488796
0.882426
0.000000
0.000000
0.223878
0.000000
0.364492
0.000000
0.297256
0.094040
0.000000
0.000000
0.275288
0.457962
0.000000
0.472649
0.252285
0.000000
0.657811
0.174801
0.575832
0.740314
0.000000
0.000000
0.638764
0.569948
0.015787
0.138601
0.499115
0.910340
0.981614
0.141755
0.000000
0.000000
0.191085
0.000000
0.568329
0.000000
0.123559
0.792679
0.000000
0.627538
0.526659
0.209981
0.005214
0.684227
0.000000
0.146190
0.432964
0.508631
0.519621
0.439041
0.224071
0.297828
0.000000
0.585407
0.000000
0.000000
0.670582
0.000000
0.449223
0.000000
0.000000
0.000000
0.210789
0.396137
0.000000
0.159210
0.631674
0.848650
0.000000
0.621177
0.000000
0.000000
