0.575834
0.000000
0.557264
0.000000
0.000000
0.932100
0.000000
0.000000
0.768760
0.515213
0.232439
0.378294
0.000000
0.686728
0.715995
0.547279
0.000000
0.000000
0.384365
0.116703
0.553483
0.000000
0.000000
0.253970
0.861125
0.000000
0.148847
0.327960
0.000000
0.000000
0.322102
0.000000
0.234221
0.000000
0.645784
0.251140
0.000000
0.000000
0.487131
0.664405
0.000000
0.735079
0.328537
0.000000
0.823365
0.297276
0.334842
0.392873
0.000000
0.000000
0.523618
0.597907
0.132924
0.377693
0.853239
0.855525
0.542053
0.504732
0.000000
0.000000
0.704410
0.000000
0.671783
0.000000
0.472126
0.658111
0.000000
0.984938
0.766322
0.243878
0.497593
0.074564
0.000000
0.245593
0.891436
0.763025
0.653911
0.869900
0.324073
0.857816
0.000000
0.275162
0.000000
0.000000
0.111272
0.000000
0.600788
0.000000
0.000000
0.000000
0.433497
0.329653
0.000000
0.257651
0.472325
0.790434
0.000000
0.838123
0.000000
0.000000
