0.776568
0.000000
0.543273
0.000000
0.000000
0.994335
0.000000
0.000000
0.707167
0.301974
0.521968
0.713543
0.000000
0.681243
0.757136
0.746535
0.000000
0.000000
0.187219
0.892856
0.947506
0.000000
0.000000
0.600186
0.300110
0.000000
0.361697
0.744366
0.000000
0.000000
0.953941
0.000000
0.115804
0.000000
0.482081
0.109315
0.000000
0.000000
0.309823
0.604763
0.000000
0.620918
0.525369
0.000000
0.275143
0.213857
0.549785
0.696733
0.000000
0.000000
0.775398
0.567753
0.031670
0.051302
0.262627
0.683064
0.611389
0.237691
0.000000
0.000000
0.290833
0.000000
0.213270
0.000000
0.223677
0.833102
0.000000
0.496753
0.330743
0.517363
0.002073
0.644686
0.000000
0.454292
0.675536
0.622388
0.554984
0.193196
0.240413
0.167285
0.000000
0.435212
0.000000
0.000000
0.298137
0.000000
0.391475
0.000000
0.000000
0.000000
0.280189
0.245276
0.000000
0.139180
0.355987
0.770041
0.000000
0.748922
0.000000
0.000000
