0.752476
0.000000
0.635500
0.000000
0.000000
0.666976
0.000000
0.000000
0.478232
0.074075
0.316423
0.962165
0.000000
0.234451
0.365474
0.947754
0.000000
0.000000
0.236221
0.646474
0.898454
0.000000
0.000000
0.539522
0.482715
0.000000
0.398363
0.521190
0.000000
0.000000
0.313659
0.000000
0.051012
0.000000
0.607551
0.171329
0.000000
0.000000
0.640230
0.610429
0.000000
0.723968
0.448101
0.000000
0.289133
0.438232
0.556317
0.284105
0.000000
0.000000
0.641529
0.696831
0.089316
0.033867
0.196308
0.457114
0.652426
0.187594
0.000000
0.000000
0.467420
0.000000
0.167185
0.000000
0.151522
0.794480
0.000000
0.297586
0.424693
0.546091
0.004012
0.235422
0.000000
0.815455
0.615624
0.942023
0.453110
0.093147
0.212786
0.330898
0.000000
0.224264
0.000000
0.000000
0.223833
0.000000
0.488421
0.000000
0.000000
0.000000
0.387536
0.178659
0.000000
0.199624
0.310880
0.500912
0.000000
0.648520
0.000000
0.000000
