0.571139
0.550727
0.661003
0.476818
0.363804
0.397634
0.349501
0.273322
0.306942
0.575834
0.704545
0.965292
0.985329
0.776568
0.752476
0.871370
0.664745
0.741109
0.000000
0.000000
0.000000
0.000000
0.000000
0.000000
0.000000
0.000000
0.000000
0.000000
0.000000
0.000000
0.000000
0.000000
0.000000
0.000000
0.000000
0.000000
0.132373
0.170915
0.124838
0.147818
0.226757
0.178034
0.074900
0.099793
0.401782
0.557264
0.602798
0.573813
0.475828
0.543273
0.635500
0.825158
0.820183
0.492515
0.000000
0.000000
0.000000
0.000000
0.000000
0.000000
0.000000
0.000000
0.000000
0.000000
0.000000
0.000000
0.000000
0.000000
0.000000
0.000000
0.000000
0.000000
0.000000
0.000000
0.000000
0.000000
0.000000
0.000000
0.000000
0.000000
0.000000
0.000000
0.000000
0.000000
0.000000
0.000000
0.000000
0.000000
0.000000
0.000000
0.942342
0.978062
0.854688
0.817154
0.853538
0.834196
0.984800
0.491021
0.277330
0.932100
0.588431
0.360458
0.640533
0.994335
0.666976
0.421712
0.684018
0.889065
0.000000
0.000000
0.000000
0.000000
0.000000
0.000000
0.000000
0.000000
0.000000
0.000000
0.000000
0.000000
0.000000
0.000000
0.000000
0.000000
0.000000
0.000000
0.000000
0.000000
0.000000
0.000000
0.000000
0.000000
0.000000
0.000000
0.000000
0.000000
0.000000
0.000000
0.000000
0.000000
0.000000
0.000000
0.000000
0.000000
0.853853
0.766227
0.838470
0.958761
0.908974
0.824126
0.818022
1.000000
0.677047
0.768760
0.552453
0.693257
0.874913
0.707167
0.478232
0.759775
0.800243
0.505723
0.332676
0.391177
0.481892
0.448594
0.406394
0.465763
0.587887
0.835787
0.686280
0.515213
0.795552
0.463822
0.653065
0.301974
0.074075
0.039399
0.034452
0.035188
0.781765
0.653383
0.303221
0.276625
0.336818
0.575989
0.650726
0.352780
0.275596
0.232439
0.248492
0.609491
0.768495
0.521968
0.316423
0.267540
0.390936
0.520754
0.249169
0.305986
0.407065
0.575649
0.949821
0.839776
0.876986
0.942071
0.899840
0.378294
0.598306
0.843822
0.685947
0.713543
0.962165
0.888950
0.643297
0.506724
0.000000
0.000000
0.000000
0.000000
0.000000
0.000000
0.000000
0.000000
0.000000
0.000000
0.000000
0.000000
0.000000
0.000000
0.000000
0.000000
0.000000
0.000000
0.437110
0.431416
0.559131
0.897868
0.928587
0.986487
0.616369
0.219107
0.262596
0.686728
0.805852
0.888438
0.986487
0.681243
0.234451
0.360988
0.602605
0.651965
0.096253
0.161614
0.156275
0.348300
0.666820
0.654942
0.720382
0.621577
0.597823
0.715995
0.792888
0.902877
0.972576
0.757136
0.365474
0.200022
0.180700
0.200736
0.935368
0.845985
0.940862
0.903711
0.754990
0.974796
0.611174
0.284000
0.124039
0.547279
0.636249
0.505793
0.507031
0.746535
0.947754
0.871082
0.819043
0.667345
0.000000
0.000000
0.000000
0.000000
0.000000
0.000000
0.000000
0.000000
0.000000
0.000000
0.000000
0.000000
0.000000
0.000000
0.000000
0.000000
0.000000
0.000000
0.000000
0.000000
0.000000
0.000000
0.000000
0.000000
0.000000
0.000000
0.000000
0.000000
0.000000
0.000000
0.000000
0.000000
0.000000
0.000000
0.000000
0.000000
0.886353
0.663770
0.262416
0.318109
0.359327
0.206910
0.243183
0.548885
0.715269
0.384365
0.315161
0.122699
0.091730
0.187219
0.236221
0.149928
0.182491
0.255725
0.332796
0.350898
0.297600
0.234178
0.387801
0.602321
0.966085
0.387282
0.122348
0.116703
0.201867
0.344118
0.596078
0.892856
0.646474
0.535467
0.373526
0.568189
0.742541
0.651484
0.736484
0.986424
0.685890
0.529200
0.800749
0.987002
0.799534
0.553483
0.370254
0.479780
0.822786
0.947506
0.898454
0.937622
0.569852
0.431278
0.000000
0.000000
0.000000
0.000000
0.000000
0.000000
0.000000
0.000000
0.000000
0.000000
0.000000
0.000000
0.000000
0.000000
0.000000
0.000000
0.000000
0.000000
0.000000
0.000000
0.000000
0.000000
0.000000
0.000000
0.000000
0.000000
0.000000
0.000000
0.000000
0.000000
0.000000
0.000000
0.000000
0.000000
0.000000
0.000000
0.201008
0.168455
0.163371
0.144436
0.138899
0.248639
0.392624
0.545035
0.688562
0.253970
0.226113
0.499281
0.448778
0.600186
0.539522
0.251860
0.199962
0.188149
0.057065
0.032607
0.030983
0.049551
0.056595
0.088397
0.366669
0.680499
0.451091
0.861125
0.950439
0.527445
0.412846
0.300110
0.482715
0.837355
0.794404
0.478790
0.000000
0.000000
0.000000
0.000000
0.000000
0.000000
0.000000
0.000000
0.000000
0.000000
0.000000
0.000000
0.000000
0.000000
0.000000
0.000000
0.000000
0.000000
0.137775
0.151194
0.138332
0.083975
0.135204
0.374715
0.692790
0.940502
0.463814
0.148847
0.383868
0.596130
0.488796
0.361697
0.398363
0.389495
0.229491
0.237591
0.351734
0.137836
0.092542
0.084447
0.106509
0.124929
0.040834
0.053066
0.292983
0.327960
0.351393
0.562144
0.882426
0.744366
0.521190
0.514949
0.515441
0.541243
0.000000
0.000000
0.000000
0.000000
0.000000
0.000000
0.000000
0.000000
0.000000
0.000000
0.000000
0.000000
0.000000
0.000000
0.000000
0.000000
0.000000
0.000000
0.000000
0.000000
0.000000
0.000000
0.000000
0.000000
0.000000
0.000000
0.000000
0.000000
0.000000
0.000000
0.000000
0.000000
0.000000
0.000000
0.000000
0.000000
0.601449
0.729993
0.890787
0.648912
0.433118
0.431923
0.319096
0.391173
0.881931
0.322102
0.567551
0.236211
0.223878
0.953941
0.313659
0.165497
0.104502
0.107621
0.000000
0.000000
0.000000
0.000000
0.000000
0.000000
0.000000
0.000000
0.000000
0.000000
0.000000
0.000000
0.000000
0.000000
0.000000
0.000000
0.000000
0.000000
0.645761
0.528759
0.564637
0.539226
0.518809
0.262623
0.097101
0.263786
0.455672
0.234221
0.316786
0.438082
0.364492
0.115804
0.051012
0.073548
0.090668
0.071937
0.000000
0.000000
0.000000
0.000000
0.000000
0.000000
0.000000
0.000000
0.000000
0.000000
0.000000
0.000000
0.000000
0.000000
0.000000
0.000000
0.000000
0.000000
0.386721
0.665149
0.880785
0.719831
0.588688
0.660360
0.903760
0.851412
0.828758
0.645784
0.463157
0.327386
0.297256
0.482081
0.607551
0.669070
0.911066
0.733115
0.488567
0.619796
0.812764
0.974323
0.879793
0.777607
0.641592
0.781511
0.936186
0.251140
0.405381
0.223454
0.094040
0.109315
0.171329
0.216413
0.238665
0.347959
0.000000
0.000000
0.000000
0.000000
0.000000
0.000000
0.000000
0.000000
0.000000
0.000000
0.000000
0.000000
0.000000
0.000000
0.000000
0.000000
0.000000
0.000000
0.000000
0.000000
0.000000
0.000000
0.000000
0.000000
0.000000
0.000000
0.000000
0.000000
0.000000
0.000000
0.000000
0.000000
0.000000
0.000000
0.000000
0.000000
0.121332
0.110925
0.148335
0.205820
0.314087
0.430744
0.495694
0.338728
0.239615
0.487131
0.688281
0.574281
0.275288
0.309823
0.640230
0.766848
0.798473
0.979315
0.723016
0.457573
0.530686
0.689667
0.578471
0.489927
0.526659
0.268132
0.071253
0.664405
0.460363
0.513410
0.457962
0.604763
0.610429
0.839406
0.952987
0.694174
0.000000
0.000000
0.000000
0.000000
0.000000
0.000000
0.000000
0.000000
0.000000
0.000000
0.000000
0.000000
0.000000
0.000000
0.000000
0.000000
0.000000
0.000000
0.026702
0.051297
0.043995
0.056511
0.078189
0.096387
0.212936
0.272628
0.184351
0.735079
0.588506
0.415167
0.472649
0.620918
0.723968
0.573372
0.488795
0.471724
0.387066
0.283641
0.227856
0.262942
0.557715
0.897157
0.973857
0.955015
0.980512
0.328537
0.309918
0.205093
0.252285
0.525369
0.448101
0.528663
0.636200
0.610408
0.000000
0.000000
0.000000
0.000000
0.000000
0.000000
0.000000
0.000000
0.000000
0.000000
0.000000
0.000000
0.000000
0.000000
0.000000
0.000000
0.000000
0.000000
0.291103
0.324821
0.406185
0.334705
0.297555
0.559521
0.815816
0.813221
0.527089
0.823365
0.948622
0.973455
0.657811
0.275143
0.289133
0.429906
0.419729
0.582038
0.570456
0.697478
0.491851
0.438232
0.516637
0.874788
0.835879
0.678471
0.798891
0.297276
0.244660
0.225539
0.174801
0.213857
0.438232
0.499981
0.447546
0.472107
0.628297
0.664058
0.746345
0.730186
0.753526
0.959435
0.888327
0.979339
0.964222
0.334842
0.259933
0.356126
0.575832
0.549785
0.556317
0.779540
0.953821
0.891829
0.337162
0.318013
0.269682
0.468210
0.810457
0.871723
0.975934
0.825337
0.652931
0.392873
0.398781
0.546291
0.740314
0.696733
0.284105
0.182030
0.240910
0.275419
0.000000
0.000000
0.000000
0.000000
0.000000
0.000000
0.000000
0.000000
0.000000
0.000000
0.000000
0.000000
0.000000
0.000000
0.000000
0.000000
0.000000
0.000000
0.000000
0.000000
0.000000
0.000000
0.000000
0.000000
0.000000
0.000000
0.000000
0.000000
0.000000
0.000000
0.000000
0.000000
0.000000
0.000000
0.000000
0.000000
0.935114
0.975800
0.855942
0.536987
0.401368
0.438978
0.413278
0.277796
0.430211
0.523618
0.922806
0.810185
0.638764
0.775398
0.641529
0.323717
0.236790
0.244343
0.812932
0.864836
0.496383
0.286677
0.434021
0.795522
0.750167
0.532477
0.413649
0.597907
0.737661
0.868860
0.569948
0.567753
0.696831
0.714593
0.702983
0.654364
0.694155
0.705596
0.564754
0.563087
0.497241
0.398412
0.633018
0.873027
0.677987
0.132924
0.037747
0.019119
0.015787
0.031670
0.089316
0.152356
0.309670
0.412208
0.553780
0.734603
0.886884
0.916253
0.880413
0.732970
0.832873
0.943345
0.696692
0.377693
0.877627
0.383429
0.138601
0.051302
0.033867
0.032866
0.037367
0.052924
0.626932
0.632909
0.830721
0.948117
0.719072
0.536828
0.473383
0.233014
0.174915
0.853239
0.985798
0.730316
0.499115
0.262627
0.196308
0.255416
0.229343
0.237414
0.819005
0.834126
1.000000
0.675059
0.728145
0.985026
0.911589
0.855919
0.920890
0.855525
0.759754
0.578775
0.910340
0.683064
0.457114
0.393174
0.546777
0.596174
0.318198
0.518636
0.786725
0.926764
0.943292
0.588125
0.181521
0.144051
0.259335
0.542053
0.901944
0.848628
0.981614
0.611389
0.652426
0.654064
0.431204
0.347722
0.024205
0.030175
0.025139
0.019790
0.050561
0.151426
0.333560
0.457059
0.534561
0.504732
0.947058
0.213237
0.141755
0.237691
0.187594
0.172175
0.203737
0.312605
0.000000
0.000000
0.000000
0.000000
0.000000
0.000000
0.000000
0.000000
0.000000
0.000000
0.000000
0.000000
0.000000
0.000000
0.000000
0.000000
0.000000
0.000000
0.000000
0.000000
0.000000
0.000000
0.000000
0.000000
0.000000
0.000000
0.000000
0.000000
0.000000
0.000000
0.000000
0.000000
0.000000
0.000000
0.000000
0.000000
0.684791
0.773271
0.838159
0.711330
0.546818
0.571989
0.624825
0.826626
0.592245
0.704410
0.447154
0.165372
0.191085
0.290833
0.467420
0.701170
0.963234
0.551597
0.000000
0.000000
0.000000
0.000000
0.000000
0.000000
0.000000
0.000000
0.000000
0.000000
0.000000
0.000000
0.000000
0.000000
0.000000
0.000000
0.000000
0.000000
0.021125
0.007980
0.006016
0.014237
0.027329
0.073195
0.499650
0.975606
0.710832
0.671783
0.592570
0.749153
0.568329
0.213270
0.167185
0.176565
0.256368
0.598430
0.000000
0.000000
0.000000
0.000000
0.000000
0.000000
0.000000
0.000000
0.000000
0.000000
0.000000
0.000000
0.000000
0.000000
0.000000
0.000000
0.000000
0.000000
0.299554
0.348359
0.716568
0.902666
0.763316
0.625703
0.269230
0.311916
0.644861
0.472126
0.144766
0.065967
0.123559
0.223677
0.151522
0.081219
0.073475
0.045634
0.458651
0.433340
0.383850
0.394557
0.617980
0.811152
0.380800
0.342639
0.399285
0.658111
0.742543
0.992481
0.792679
0.833102
0.794480
0.967367
0.896106
0.732031
0.000000
0.000000
0.000000
0.000000
0.000000
0.000000
0.000000
0.000000
0.000000
0.000000
0.000000
0.000000
0.000000
0.000000
0.000000
0.000000
0.000000
0.000000
0.912500
0.682217
0.276132
0.238705
0.351691
0.403819
0.427431
0.256996
0.135866
0.984938
0.768545
0.660654
0.627538
0.496753
0.297586
0.348650
0.336938
0.369504
0.187813
0.171545
0.083464
0.064438
0.063571
0.026698
0.038819
0.295981
0.849999
0.766322
0.606730
0.865675
0.526659
0.330743
0.424693
0.431406
0.485440
0.546614
0.873325
0.665706
0.416696
0.304388
0.264616
0.283309
0.392421
0.523271
0.719918
0.243878
0.124687
0.114832
0.209981
0.517363
0.546091
0.319984
0.200293
0.324324
0.299224
0.238953
0.253578
0.238919
0.226881
0.386303
0.420582
0.457663
0.925462
0.497593
0.330920
0.054277
0.005214
0.002073
0.004012
0.010994
0.031089
0.140241
0.805633
0.848908
0.959197
0.992604
0.983648
0.834323
0.912416
0.696168
0.950971
0.074564
0.337813
0.610953
0.684227
0.644686
0.235422
0.144818
0.192973
0.321339
0.000000
0.000000
0.000000
0.000000
0.000000
0.000000
0.000000
0.000000
0.000000
0.000000
0.000000
0.000000
0.000000
0.000000
0.000000
0.000000
0.000000
0.000000
0.341489
0.301770
0.514898
0.755655
0.769957
0.822518
0.746619
0.502620
0.408982
0.245593
0.270291
0.113904
0.146190
0.454292
0.815455
0.971456
0.915110
0.797502
0.013038
0.034476
0.105192
0.161756
0.166642
0.119247
0.179317
0.344345
0.325749
0.891436
0.974854
0.835593
0.432964
0.675536
0.615624
0.490849
0.882333
0.791144
0.193031
0.265600
0.508849
0.757252
0.665621
0.501350
0.627376
0.903014
0.832842
0.763025
0.903014
0.860850
0.508631
0.622388
0.942023
0.840935
0.876270
0.935887
0.269730
0.217635
0.198101
0.149967
0.209355
0.267029
0.416773
0.907271
0.893007
0.653911
0.726757
0.540848
0.519621
0.554984
0.453110
0.230163
0.130874
0.086784
0.320664
0.310134
0.317616
0.615624
0.855596
0.725742
0.608141
0.305639
0.461102
0.869900
0.899667
0.714190
0.439041
0.193196
0.093147
0.094291
0.106519
0.092639
0.922880
0.817807
0.870677
1.000000
0.993756
0.978761
0.817312
0.243701
0.074357
0.324073
0.170961
0.115251
0.224071
0.240413
0.212786
0.181894
0.119232
0.087570
0.415237
0.567027
0.950475
0.508158
0.415840
0.617504
0.515061
0.453313
0.516058
0.857816
0.517977
0.674024
0.297828
0.167285
0.330898
0.514297
0.428268
0.209603
0.000000
0.000000
0.000000
0.000000
0.000000
0.000000
0.000000
0.000000
0.000000
0.000000
0.000000
0.000000
0.000000
0.000000
0.000000
0.000000
0.000000
0.000000
0.214152
0.219815
0.272048
0.419873
0.243000
0.125999
0.464148
0.597211
0.503603
0.275162
0.166968
0.332958
0.585407
0.435212
0.224264
0.235533
0.375520
0.326183
0.000000
0.000000
0.000000
0.000000
0.000000
0.000000
0.000000
0.000000
0.000000
0.000000
0.000000
0.000000
0.000000
0.000000
0.000000
0.000000
0.000000
0.000000
0.000000
0.000000
0.000000
0.000000
0.000000
0.000000
0.000000
0.000000
0.000000
0.000000
0.000000
0.000000
0.000000
0.000000
0.000000
0.000000
0.000000
0.000000
0.828759
0.805133
0.967118
0.918412
0.744743
0.706027
0.931894
1.000000
0.766262
0.111272
0.303121
0.879239
0.670582
0.298137
0.223833
0.189094
0.135903
0.218392
0.000000
0.000000
0.000000
0.000000
0.000000
0.000000
0.000000
0.000000
0.000000
0.000000
0.000000
0.000000
0.000000
0.000000
0.000000
0.000000
0.000000
0.000000
0.196640
0.306726
0.475832
0.680649
0.861533
0.763441
0.838753
0.713034
0.981849
0.600788
0.674248
0.534835
0.449223
0.391475
0.488421
0.548877
0.609311
0.833918
0.000000
0.000000
0.000000
0.000000
0.000000
0.000000
0.000000
0.000000
0.000000
0.000000
0.000000
0.000000
0.000000
0.000000
0.000000
0.000000
0.000000
0.000000
0.000000
0.000000
0.000000
0.000000
0.000000
0.000000
0.000000
0.000000
0.000000
0.000000
0.000000
0.000000
0.000000
0.000000
0.000000
0.000000
0.000000
0.000000
0.000000
0.000000
0.000000
0.000000
0.000000
0.000000
0.000000
0.000000
0.000000
0.000000
0.000000
0.000000
0.000000
0.000000
0.000000
0.000000
0.000000
0.000000
0.235132
0.163739
0.105378
0.158088
0.605705
0.793021
0.599305
0.909992
0.423119
0.433497
0.360369
0.223234
0.210789
0.280189
0.387536
0.671144
0.956017
0.886709
0.672512
0.652709
0.279493
0.127752
0.150546
0.093983
0.058876
0.267619
0.535037
0.329653
0.357071
0.526010
0.396137
0.245276
0.178659
0.147020
0.275413
0.359116
0.000000
0.000000
0.000000
0.000000
0.000000
0.000000
0.000000
0.000000
0.000000
0.000000
0.000000
0.000000
0.000000
0.000000
0.000000
0.000000
0.000000
0.000000
0.918879
0.824656
0.883253
0.860173
0.428854
0.251998
0.447648
0.527089
0.380836
0.257651
0.134442
0.139446
0.159210
0.139180
0.199624
0.209190
0.154550
0.139146
0.538413
0.627143
0.782896
0.838393
0.455132
0.517534
0.992457
0.651589
0.816133
0.472325
0.669272
0.969837
0.631674
0.355987
0.310880
0.366602
0.431905
0.498573
0.121893
0.153521
0.192037
0.238857
0.114849
0.048990
0.031468
0.124958
0.790434
0.790434
0.902310
0.757322
0.848650
0.770041
0.500912
0.202275
0.116114
0.112842
0.000000
0.000000
0.000000
0.000000
0.000000
0.000000
0.000000
0.000000
0.000000
0.000000
0.000000
0.000000
0.000000
0.000000
0.000000
0.000000
0.000000
0.000000
0.747402
0.920168
0.742432
0.739418
0.972838
0.763306
0.390443
0.563296
0.838123
0.838123
0.750133
0.416142
0.621177
0.748922
0.648520
0.746719
0.953730
0.804333
0.000000
0.000000
0.000000
0.000000
0.000000
0.000000
0.000000
0.000000
0.000000
0.000000
0.000000
0.000000
0.000000
0.000000
0.000000
0.000000
0.000000
0.000000
0.000000
0.000000
0.000000
0.000000
0.000000
0.000000
0.000000
0.000000
0.000000
0.000000
0.000000
0.000000
0.000000
0.000000
0.000000
0.000000
0.000000
0.000000
