0.418843
0.388919
0.577531
0.553472
0.705415
0.975046
0.523484
0.398868
0.744729
0.460039
0.317584
0.484537
0.874528
0.428269
0.710618
0.829109
0.662803
0.577214
0.869102
0.212603
0.478831
0.628142
0.114680
0.484615
0.207560
0.576970
0.421771
0.871406
0.049328
0.524548
0.768470
0.983296
0.322691
0.050720
0.272661
0.317604
0.614937
0.416017
0.542132
0.654931
0.734693
0.789945
0.846833
0.464528
0.160892
0.464203
0.155841
0.763208
0.065569
0.049500
0.752038
0.157392
0.792901
0.373399
0.284611
0.825905
0.150063
0.769899
0.943580
0.511602
0.505783
0.971917
0.716201
0.964129
0.346147
0.773177
0.633446
0.542631
0.735319
0.242375
0.445827
0.145092
0.007702
0.130056
0.439460
0.705261
0.687929
0.423226
0.884908
0.510446
0.479852
0.144716
0.602072
0.722748
0.128411
0.372853
0.625096
0.139141
0.098708
0.077881
0.307814
0.330245
0.014870
0.991825
0.940967
0.513648
0.633125
0.857970
0.866823
0.633242
