0.011420
0.210462
0.935582
0.384964
0.577104
0.133308
0.712049
0.358432
0.570955
0.802172
0.845338
0.317623
0.154456
0.213921
0.994750
0.553576
0.355212
0.431761
0.654086
0.295765
0.867007
0.152457
0.230508
0.086767
0.498356
0.792170
0.415743
0.533949
0.026573
0.513076
0.711109
0.482311
0.194230
0.252025
0.215230
0.633802
0.018973
0.085940
0.250543
0.668954
0.442172
0.453514
0.472062
0.261056
0.374186
0.518871
0.395963
0.359726
0.003793
0.555301
0.823636
0.068012
0.495928
0.417182
0.244685
0.687645
0.575344
0.924382
0.207897
0.395963
0.531418
0.223666
0.849583
0.060775
0.907450
0.748649
0.202425
0.216106
0.164774
0.155801
0.808486
0.511427
0.837613
0.308854
0.717688
0.545849
0.900991
0.722386
0.554438
0.585057
0.376190
0.913034
0.353290
0.319399
0.399445
0.893606
0.854630
0.588609
0.299704
0.652234
0.051895
0.398747
0.468157
0.971054
0.869439
0.579749
0.619191
0.352651
0.225475
0.030956
