0.004716
0.305972
0.650383
0.915769
0.538182
0.418624
0.498356
0.767292
0.882140
0.739284
0.712989
0.122137
0.239886
0.101876
0.897326
0.483106
0.361023
0.608321
0.764505
0.236570
0.813865
0.533949
0.234692
0.277195
0.725205
0.924382
0.178261
0.365592
0.040466
0.845338
0.866193
0.725205
0.127192
0.271383
0.239410
0.721447
0.060929
0.354570
0.418624
0.552714
0.263609
0.382249
0.419347
0.486291
0.176016
0.393884
0.348202
0.028021
0.006113
0.214357
0.549275
0.232360
0.857965
0.595743
0.353930
0.645763
0.724265
0.819209
0.307123
0.524704
0.557029
0.290208
0.621921
0.371526
0.677353
0.810283
0.240363
0.364936
0.330820
0.112009
0.316443
0.572709
0.470497
0.197884
0.918464
0.612840
0.937951
0.864560
0.221421
0.173057
0.594849
0.898063
0.533105
0.091868
0.133903
0.832407
0.540731
0.836749
0.351375
0.719567
0.020106
0.276132
0.495120
0.915769
0.776553
0.391812
0.852113
0.237042
0.190630
0.037749
