0.011420
0.004716
0.210462
0.305972
0.935582
0.650383
0.384964
0.915769
0.577104
0.538182
0.133308
0.418624
0.712049
0.498356
0.358432
0.767292
0.570955
0.882140
0.802172
0.739284
0.845338
0.712989
0.317623
0.122137
0.154456
0.239886
0.213921
0.101876
0.994750
0.897326
0.553576
0.483106
0.355212
0.361023
0.431761
0.608321
0.654086
0.764505
0.295765
0.236570
0.867007
0.813865
0.152457
0.533949
0.230508
0.234692
0.086767
0.277195
0.498356
0.725205
0.792170
0.924382
0.415743
0.178261
0.533949
0.365592
0.026573
0.040466
0.513076
0.845338
0.711109
0.866193
0.482311
0.725205
0.194230
0.127192
0.252025
0.271383
0.215230
0.239410
0.633802
0.721447
0.018973
0.060929
0.085940
0.354570
0.250543
0.418624
0.668954
0.552714
0.442172
0.263609
0.453514
0.382249
0.472062
0.419347
0.261056
0.486291
0.374186
0.176016
0.518871
0.393884
0.395963
0.348202
0.359726
0.028021
0.003793
0.006113
0.555301
0.214357
0.823636
0.549275
0.068012
0.232360
0.495928
0.857965
0.417182
0.595743
0.244685
0.353930
0.687645
0.645763
0.575344
0.724265
0.924382
0.819209
0.207897
0.307123
0.395963
0.524704
0.531418
0.557029
0.223666
0.290208
0.849583
0.621921
0.060775
0.371526
0.907450
0.677353
0.748649
0.810283
0.202425
0.240363
0.216106
0.364936
0.164774
0.330820
0.155801
0.112009
0.808486
0.316443
0.511427
0.572709
0.837613
0.470497
0.308854
0.197884
0.717688
0.918464
0.545849
0.612840
0.900991
0.937951
0.722386
0.864560
0.554438
0.221421
0.585057
0.173057
0.376190
0.594849
0.913034
0.898063
0.353290
0.533105
0.319399
0.091868
0.399445
0.133903
0.893606
0.832407
0.854630
0.540731
0.588609
0.836749
0.299704
0.351375
0.652234
0.719567
0.051895
0.020106
0.398747
0.276132
0.468157
0.495120
0.971054
0.915769
0.869439
0.776553
0.579749
0.391812
0.619191
0.852113
0.352651
0.237042
0.225475
0.190630
0.030956
0.037749
