0.967580
0.336255
0.930131
0.421205
0.019868
0.094441
0.992826
0.883166
0.399726
0.040903
0.710078
0.533588
0.717075
0.617442
0.346473
0.052316
0.881720
0.227331
0.756322
0.475027
0.686765
0.294348
0.835976
0.490821
0.574189
0.215281
0.927830
0.021487
0.800953
0.149962
0.995736
0.758471
0.394332
0.404524
0.576623
0.698207
0.030246
0.714438
0.153466
0.964071
0.274644
0.113721
0.515962
0.274590
0.592683
0.093104
0.397114
0.318494
0.211463
0.090637
0.629241
0.141530
0.612341
0.742123
0.905726
0.518069
0.158573
0.051213
0.703044
0.763901
0.438833
0.617908
0.847093
0.118539
0.422949
0.669045
0.171814
0.221211
0.070042
0.466672
0.587040
0.918296
0.028579
0.746506
0.003037
0.887498
0.266522
0.706263
0.713270
0.118436
0.367670
0.083503
0.708496
0.665901
0.219598
0.383360
0.508508
0.560997
0.669472
0.100413
0.270577
0.397057
0.754231
0.098674
0.520610
0.249370
0.812556
0.582590
0.013189
0.388550
