0.913592
0.320303
0.000000
0.655592
0.766856
0.940246
0.000000
0.047356
0.000000
0.237928
0.678059
0.856781
0.727053
0.009629
0.205233
0.304835
0.336682
0.000000
0.000000
0.104677
0.907913
0.327034
0.206742
0.772486
0.000000
0.424110
0.585110
0.000000
0.394267
0.000000
0.391114
0.310884
0.185022
0.000000
0.851720
0.915614
0.349752
0.645696
0.244035
0.261146
0.000000
0.000000
0.000000
0.000000
0.704003
0.000000
0.545939
0.000000
0.000000
0.000000
0.486844
0.101689
0.824098
0.000000
0.000000
0.000000
0.000000
0.000000
0.502116
0.816206
0.161851
0.837840
0.000000
0.649374
0.000000
0.000000
0.487182
0.280980
0.855229
0.000000
0.672807
0.237886
0.000000
0.380280
0.560841
0.575604
0.000000
0.581245
0.247771
0.769775
0.000000
0.082621
0.000000
0.608256
0.000000
0.692629
0.106770
0.000000
0.304600
0.149228
0.000000
0.518558
0.714172
0.000000
0.000000
0.000000
0.000000
0.721760
0.000000
0.354208
