0.910018
0.889358
0.000000
0.499318
0.816331
0.181339
0.000000
0.101415
0.000000
0.962051
0.986273
0.987142
0.472786
0.007454
0.867780
0.813152
0.080112
0.000000
0.000000
0.924631
0.849861
0.858786
0.522035
0.561478
0.000000
0.710318
0.593824
0.000000
0.821170
0.000000
0.990543
0.950613
0.176803
0.000000
0.375212
0.553509
0.388659
0.664385
0.902640
0.791662
0.000000
0.000000
0.000000
0.000000
0.762234
0.000000
0.821437
0.000000
0.000000
0.000000
0.728683
0.743009
0.489976
0.000000
0.000000
0.000000
0.000000
0.000000
0.465409
0.381173
0.781471
0.746838
0.000000
0.300762
0.000000
0.000000
0.869110
0.244984
0.416511
0.000000
0.158672
0.605753
0.000000
0.338999
0.887084
0.902033
0.000000
0.319375
0.132073
0.936822
0.000000
0.067645
0.000000
0.070274
0.000000
0.212772
0.549908
0.000000
0.610283
0.423701
0.000000
0.863464
0.841127
0.000000
0.000000
0.000000
0.000000
0.189545
0.000000
0.196733
