0.116858
0.525644
0.000000
0.143631
0.835681
0.548521
0.000000
0.731162
0.000000
0.226008
0.881913
0.680808
0.631576
0.585233
0.877763
0.442614
0.222729
0.000000
0.000000
0.122473
0.492415
0.460591
0.180885
0.024807
0.000000
0.523796
0.593029
0.000000
0.326422
0.000000
0.234674
0.181426
0.879420
0.000000
0.061324
0.832062
0.229864
0.058481
0.660717
0.290860
0.000000
0.000000
0.000000
0.000000
0.581838
0.000000
0.233668
0.000000
0.000000
0.000000
0.396450
0.191439
0.583955
0.000000
0.000000
0.000000
0.000000
0.000000
0.886466
0.914367
0.929792
0.129196
0.000000
0.078771
0.000000
0.000000
0.280316
0.072714
0.138558
0.000000
0.470051
0.909010
0.000000
0.312774
0.203088
0.769924
0.000000
0.996489
0.376915
0.665024
0.000000
0.266829
0.000000
0.319618
0.000000
0.103861
0.940394
0.000000
0.680737
0.381427
0.000000
0.575763
0.141779
0.000000
0.000000
0.000000
0.000000
0.739204
0.000000
0.208439
