0.059595
0.824587
0.000000
0.487123
0.310277
0.982550
0.000000
0.582268
0.000000
0.142152
0.850895
0.622055
0.149386
0.544698
0.445272
0.231328
0.166229
0.000000
0.000000
0.770164
0.032733
0.301066
0.001038
0.886783
0.000000
0.415327
0.487007
0.000000
0.811919
0.000000
0.161785
0.442086
0.355054
0.000000
0.793592
0.822743
0.217403
0.454124
0.468244
0.124107
0.000000
0.000000
0.000000
0.000000
0.276024
0.000000
0.417510
0.000000
0.000000
0.000000
0.596015
0.448702
0.179839
0.000000
0.000000
0.000000
0.000000
0.000000
0.145328
0.537242
0.365404
0.016434
0.000000
0.225004
0.000000
0.000000
0.913543
0.143645
0.318050
0.000000
0.671368
0.315081
0.000000
0.512911
0.288687
0.368462
0.000000
0.705584
0.458498
0.829371
0.000000
0.116932
0.000000
0.564637
0.000000
0.597159
0.439708
0.000000
0.926951
0.744211
0.000000
0.933672
0.009602
0.000000
0.000000
0.000000
0.000000
0.847803
0.000000
0.022422
