0.455856
0.267627
0.000000
0.244001
0.876915
0.942160
0.000000
0.420652
0.000000
0.173103
0.367945
0.486653
0.805709
0.667027
0.614127
0.231424
0.717080
0.000000
0.000000
0.880323
0.111375
0.429797
0.198834
0.892283
0.000000
0.230820
0.809156
0.000000
0.751524
0.000000
0.138716
0.183394
0.886632
0.000000
0.726227
0.488638
0.671373
0.894007
0.425313
0.404200
0.000000
0.000000
0.000000
0.000000
0.441323
0.000000
0.893857
0.000000
0.000000
0.000000
0.792690
0.640088
0.436285
0.000000
0.000000
0.000000
0.000000
0.000000
0.700317
0.770272
0.979558
0.347896
0.000000
0.508729
0.000000
0.000000
0.212610
0.059796
0.226208
0.000000
0.770578
0.785908
0.000000
0.539921
0.703271
0.673157
0.000000
0.133760
0.353357
0.313071
0.000000
0.276578
0.000000
0.789209
0.000000
0.134355
0.074436
0.000000
0.619851
0.365094
0.000000
0.256210
0.005360
0.000000
0.000000
0.000000
0.000000
0.432319
0.000000
0.081371
