0.200457
0.391601
0.000000
0.656311
0.529384
0.519670
0.000000
0.729842
0.000000
0.545403
0.188257
0.442184
0.743619
0.562979
0.393632
0.626866
0.277548
0.000000
0.000000
0.492293
0.860532
0.880547
0.763371
0.346634
0.000000
0.190277
0.819616
0.000000
0.764838
0.000000
0.140344
0.701850
0.254000
0.000000
0.944420
0.417529
0.565662
0.202173
0.768132
0.975098
0.000000
0.000000
0.000000
0.000000
0.599807
0.000000
0.661010
0.000000
0.000000
0.000000
0.486823
0.237027
0.136134
0.000000
0.000000
0.000000
0.000000
0.000000
0.484482
0.837441
0.051692
0.568322
0.000000
0.588037
0.000000
0.000000
0.428197
0.076601
0.647080
0.000000
0.813775
0.853566
0.000000
0.855467
0.317836
0.769630
0.000000
0.285957
0.656250
0.941500
0.000000
0.527870
0.000000
0.380997
0.000000
0.622208
0.149262
0.000000
0.108591
0.265927
0.000000
0.591861
0.607825
0.000000
0.000000
0.000000
0.000000
0.028124
0.000000
0.129634
