0.181252
0.817816
0.000000
0.390774
0.854303
0.188898
0.000000
0.177244
0.000000
0.329447
0.186914
0.811500
0.856938
0.956900
0.347673
0.685708
0.448975
0.000000
0.000000
0.056096
0.916925
0.091850
0.072596
0.649637
0.000000
0.931526
0.014789
0.000000
0.693589
0.000000
0.113854
0.597488
0.639924
0.000000
0.835533
0.613492
0.686152
0.577143
0.869014
0.621075
0.000000
0.000000
0.000000
0.000000
0.736403
0.000000
0.566939
0.000000
0.000000
0.000000
0.388785
0.086245
0.288657
0.000000
0.000000
0.000000
0.000000
0.000000
0.397646
0.748362
0.828566
0.234547
0.000000
0.453051
0.000000
0.000000
0.299198
0.655145
0.656438
0.000000
0.097462
0.750956
0.000000
0.704394
0.180585
0.630942
0.000000
0.410464
0.926469
0.520958
0.000000
0.256936
0.000000
0.436096
0.000000
0.402248
0.309853
0.000000
0.924890
0.056967
0.000000
0.243055
0.372342
0.000000
0.000000
0.000000
0.000000
0.511813
0.000000
0.628133
