0.959660
0.492192
0.000000
0.611367
0.719372
0.531944
0.000000
0.411351
0.000000
0.025636
0.285192
0.814090
0.566763
0.976868
0.756284
0.380552
0.810243
0.000000
0.000000
0.929755
0.294857
0.029323
0.106194
0.884255
0.000000
0.695371
0.111449
0.000000
0.663574
0.000000
0.500809
0.101716
0.712866
0.000000
0.926297
0.881085
0.958541
0.670042
0.246655
0.889640
0.000000
0.000000
0.000000
0.000000
0.735395
0.000000
0.414627
0.000000
0.000000
0.000000
0.696727
0.248722
0.739805
0.000000
0.000000
0.000000
0.000000
0.000000
0.265757
0.202172
0.952360
0.107219
0.000000
0.936606
0.000000
0.000000
0.429036
0.197689
0.568146
0.000000
0.752652
0.926126
0.000000
0.143251
0.273835
0.465180
0.000000
0.594492
0.940455
0.521885
0.000000
0.659424
0.000000
0.288248
0.000000
0.364047
0.114235
0.000000
0.785977
0.016010
0.000000
0.328421
0.025819
0.000000
0.000000
0.000000
0.000000
0.892021
0.000000
0.291541
