0.200457
0.910018
0.913592
0.181252
0.959660
0.455856
0.059595
0.116858
0.391601
0.889358
0.320303
0.817816
0.492192
0.267627
0.824587
0.525644
0.000000
0.000000
0.000000
0.000000
0.000000
0.000000
0.000000
0.000000
0.656311
0.499318
0.655592
0.390774
0.611367
0.244001
0.487123
0.143631
0.529384
0.816331
0.766856
0.854303
0.719372
0.876915
0.310277
0.835681
0.519670
0.181339
0.940246
0.188898
0.531944
0.942160
0.982550
0.548521
0.000000
0.000000
0.000000
0.000000
0.000000
0.000000
0.000000
0.000000
0.729842
0.101415
0.047356
0.177244
0.411351
0.420652
0.582268
0.731162
0.000000
0.000000
0.000000
0.000000
0.000000
0.000000
0.000000
0.000000
0.545403
0.962051
0.237928
0.329447
0.025636
0.173103
0.142152
0.226008
0.188257
0.986273
0.678059
0.186914
0.285192
0.367945
0.850895
0.881913
0.442184
0.987142
0.856781
0.811500
0.814090
0.486653
0.622055
0.680808
0.743619
0.472786
0.727053
0.856938
0.566763
0.805709
0.149386
0.631576
0.562979
0.007454
0.009629
0.956900
0.976868
0.667027
0.544698
0.585233
0.393632
0.867780
0.205233
0.347673
0.756284
0.614127
0.445272
0.877763
0.626866
0.813152
0.304835
0.685708
0.380552
0.231424
0.231328
0.442614
0.277548
0.080112
0.336682
0.448975
0.810243
0.717080
0.166229
0.222729
0.000000
0.000000
0.000000
0.000000
0.000000
0.000000
0.000000
0.000000
0.000000
0.000000
0.000000
0.000000
0.000000
0.000000
0.000000
0.000000
0.492293
0.924631
0.104677
0.056096
0.929755
0.880323
0.770164
0.122473
0.860532
0.849861
0.907913
0.916925
0.294857
0.111375
0.032733
0.492415
0.880547
0.858786
0.327034
0.091850
0.029323
0.429797
0.301066
0.460591
0.763371
0.522035
0.206742
0.072596
0.106194
0.198834
0.001038
0.180885
0.346634
0.561478
0.772486
0.649637
0.884255
0.892283
0.886783
0.024807
0.000000
0.000000
0.000000
0.000000
0.000000
0.000000
0.000000
0.000000
0.190277
0.710318
0.424110
0.931526
0.695371
0.230820
0.415327
0.523796
0.819616
0.593824
0.585110
0.014789
0.111449
0.809156
0.487007
0.593029
0.000000
0.000000
0.000000
0.000000
0.000000
0.000000
0.000000
0.000000
0.764838
0.821170
0.394267
0.693589
0.663574
0.751524
0.811919
0.326422
0.000000
0.000000
0.000000
0.000000
0.000000
0.000000
0.000000
0.000000
0.140344
0.990543
0.391114
0.113854
0.500809
0.138716
0.161785
0.234674
0.701850
0.950613
0.310884
0.597488
0.101716
0.183394
0.442086
0.181426
0.254000
0.176803
0.185022
0.639924
0.712866
0.886632
0.355054
0.879420
0.000000
0.000000
0.000000
0.000000
0.000000
0.000000
0.000000
0.000000
0.944420
0.375212
0.851720
0.835533
0.926297
0.726227
0.793592
0.061324
0.417529
0.553509
0.915614
0.613492
0.881085
0.488638
0.822743
0.832062
0.565662
0.388659
0.349752
0.686152
0.958541
0.671373
0.217403
0.229864
0.202173
0.664385
0.645696
0.577143
0.670042
0.894007
0.454124
0.058481
0.768132
0.902640
0.244035
0.869014
0.246655
0.425313
0.468244
0.660717
0.975098
0.791662
0.261146
0.621075
0.889640
0.404200
0.124107
0.290860
0.000000
0.000000
0.000000
0.000000
0.000000
0.000000
0.000000
0.000000
0.000000
0.000000
0.000000
0.000000
0.000000
0.000000
0.000000
0.000000
0.000000
0.000000
0.000000
0.000000
0.000000
0.000000
0.000000
0.000000
0.000000
0.000000
0.000000
0.000000
0.000000
0.000000
0.000000
0.000000
0.599807
0.762234
0.704003
0.736403
0.735395
0.441323
0.276024
0.581838
0.000000
0.000000
0.000000
0.000000
0.000000
0.000000
0.000000
0.000000
0.661010
0.821437
0.545939
0.566939
0.414627
0.893857
0.417510
0.233668
0.000000
0.000000
0.000000
0.000000
0.000000
0.000000
0.000000
0.000000
0.000000
0.000000
0.000000
0.000000
0.000000
0.000000
0.000000
0.000000
0.000000
0.000000
0.000000
0.000000
0.000000
0.000000
0.000000
0.000000
0.486823
0.728683
0.486844
0.388785
0.696727
0.792690
0.596015
0.396450
0.237027
0.743009
0.101689
0.086245
0.248722
0.640088
0.448702
0.191439
0.136134
0.489976
0.824098
0.288657
0.739805
0.436285
0.179839
0.583955
0.000000
0.000000
0.000000
0.000000
0.000000
0.000000
0.000000
0.000000
0.000000
0.000000
0.000000
0.000000
0.000000
0.000000
0.000000
0.000000
0.000000
0.000000
0.000000
0.000000
0.000000
0.000000
0.000000
0.000000
0.000000
0.000000
0.000000
0.000000
0.000000
0.000000
0.000000
0.000000
0.000000
0.000000
0.000000
0.000000
0.000000
0.000000
0.000000
0.000000
0.484482
0.465409
0.502116
0.397646
0.265757
0.700317
0.145328
0.886466
0.837441
0.381173
0.816206
0.748362
0.202172
0.770272
0.537242
0.914367
0.051692
0.781471
0.161851
0.828566
0.952360
0.979558
0.365404
0.929792
0.568322
0.746838
0.837840
0.234547
0.107219
0.347896
0.016434
0.129196
0.000000
0.000000
0.000000
0.000000
0.000000
0.000000
0.000000
0.000000
0.588037
0.300762
0.649374
0.453051
0.936606
0.508729
0.225004
0.078771
0.000000
0.000000
0.000000
0.000000
0.000000
0.000000
0.000000
0.000000
0.000000
0.000000
0.000000
0.000000
0.000000
0.000000
0.000000
0.000000
0.428197
0.869110
0.487182
0.299198
0.429036
0.212610
0.913543
0.280316
0.076601
0.244984
0.280980
0.655145
0.197689
0.059796
0.143645
0.072714
0.647080
0.416511
0.855229
0.656438
0.568146
0.226208
0.318050
0.138558
0.000000
0.000000
0.000000
0.000000
0.000000
0.000000
0.000000
0.000000
0.813775
0.158672
0.672807
0.097462
0.752652
0.770578
0.671368
0.470051
0.853566
0.605753
0.237886
0.750956
0.926126
0.785908
0.315081
0.909010
0.000000
0.000000
0.000000
0.000000
0.000000
0.000000
0.000000
0.000000
0.855467
0.338999
0.380280
0.704394
0.143251
0.539921
0.512911
0.312774
0.317836
0.887084
0.560841
0.180585
0.273835
0.703271
0.288687
0.203088
0.769630
0.902033
0.575604
0.630942
0.465180
0.673157
0.368462
0.769924
0.000000
0.000000
0.000000
0.000000
0.000000
0.000000
0.000000
0.000000
0.285957
0.319375
0.581245
0.410464
0.594492
0.133760
0.705584
0.996489
0.656250
0.132073
0.247771
0.926469
0.940455
0.353357
0.458498
0.376915
0.941500
0.936822
0.769775
0.520958
0.521885
0.313071
0.829371
0.665024
0.000000
0.000000
0.000000
0.000000
0.000000
0.000000
0.000000
0.000000
0.527870
0.067645
0.082621
0.256936
0.659424
0.276578
0.116932
0.266829
0.000000
0.000000
0.000000
0.000000
0.000000
0.000000
0.000000
0.000000
0.380997
0.070274
0.608256
0.436096
0.288248
0.789209
0.564637
0.319618
0.000000
0.000000
0.000000
0.000000
0.000000
0.000000
0.000000
0.000000
0.622208
0.212772
0.692629
0.402248
0.364047
0.134355
0.597159
0.103861
0.149262
0.549908
0.106770
0.309853
0.114235
0.074436
0.439708
0.940394
0.000000
0.000000
0.000000
0.000000
0.000000
0.000000
0.000000
0.000000
0.108591
0.610283
0.304600
0.924890
0.785977
0.619851
0.926951
0.680737
0.265927
0.423701
0.149228
0.056967
0.016010
0.365094
0.744211
0.381427
0.000000
0.000000
0.000000
0.000000
0.000000
0.000000
0.000000
0.000000
0.591861
0.863464
0.518558
0.243055
0.328421
0.256210
0.933672
0.575763
0.607825
0.841127
0.714172
0.372342
0.025819
0.005360
0.009602
0.141779
0.000000
0.000000
0.000000
0.000000
0.000000
0.000000
0.000000
0.000000
0.000000
0.000000
0.000000
0.000000
0.000000
0.000000
0.000000
0.000000
0.000000
0.000000
0.000000
0.000000
0.000000
0.000000
0.000000
0.000000
0.000000
0.000000
0.000000
0.000000
0.000000
0.000000
0.000000
0.000000
0.028124
0.189545
0.721760
0.511813
0.892021
0.432319
0.847803
0.739204
0.000000
0.000000
0.000000
0.000000
0.000000
0.000000
0.000000
0.000000
0.129634
0.196733
0.354208
0.628133
0.291541
0.081371
0.022422
0.208439
