0.841762
0.837652
0.593816
0.775956
0.121120
0.072815
0.902237
0.949157
0.315673
0.750215
0.004923
0.226143
0.106521
0.443712
0.308681
0.079313
0.815854
0.505570
0.277798
0.198826
0.665968
0.886957
0.541670
0.888284
0.747363
0.032994
0.812593
0.001776
0.521001
0.006977
0.968187
0.564763
0.279503
0.093300
0.142132
0.846339
0.843001
0.718041
0.783682
0.332066
0.497167
0.107137
0.838992
0.523830
0.940996
0.953749
0.091126
0.300244
0.360778
0.635592
0.486374
0.454858
0.791578
0.471248
0.838301
0.375248
0.808284
0.361769
0.485196
0.257632
0.025377
0.644084
0.747753
0.694759
0.338661
0.201255
0.422614
0.881210
0.221845
0.645957
0.720343
0.932714
0.876866
0.810034
0.193654
0.501363
0.294669
0.657240
0.536699
0.007062
0.912277
0.963406
0.672912
0.985530
0.657473
0.818786
0.346185
0.521998
0.257640
0.562274
0.679338
0.603406
0.899127
0.128998
0.777836
0.091056
0.201909
0.385357
0.917344
0.209081
