0.444551
0.465348
0.158471
0.514684
0.301483
0.274488
0.835274
0.848264
0.788804
0.588013
0.149838
0.740941
0.519436
0.780911
0.153883
0.942051
0.983838
0.928251
0.276589
0.348714
0.522405
0.198028
0.531582
0.523738
0.459261
0.051179
0.873272
0.974512
0.067767
0.627236
0.493994
0.536168
0.976418
0.877659
0.145321
0.138338
0.846372
0.442346
0.515642
0.011274
0.507565
0.247339
0.232827
0.145703
0.241064
0.752794
0.000774
0.725404
0.531384
0.212324
0.605917
0.000831
0.714487
0.734249
0.269275
0.333860
0.689137
0.220104
0.855128
0.511163
0.570419
0.185527
0.332077
0.237785
0.849363
0.299240
0.609820
0.037043
0.720252
0.143200
0.753032
0.359670
0.702064
0.304728
0.977815
0.131395
0.622628
0.428261
0.762020
0.276255
0.808043
0.115951
0.129029
0.682071
0.719853
0.952539
0.762743
0.699845
0.353257
0.170254
0.912628
0.939387
0.250492
0.871289
0.532549
0.541085
0.617030
0.393739
0.655592
0.321830
