0.749585
0.147229
0.399445
0.068350
0.916446
0.559626
0.182822
0.344422
0.123524
0.645763
0.946976
0.697022
0.997349
0.939699
0.838477
0.311174
0.431761
0.987844
0.325975
0.468157
0.483106
0.146266
0.528055
0.335104
0.714868
0.953762
0.425888
0.220083
0.600222
0.386327
0.842775
0.724265
0.122413
0.006397
0.956237
0.121861
0.328391
0.488689
0.263609
0.661509
0.136607
0.054210
0.240363
0.738347
0.814758
0.288007
0.124643
0.577104
0.093402
0.926308
0.820983
0.403653
0.003691
0.859623
0.595743
0.771929
0.653159
0.398747
0.808486
0.539880
0.401545
0.148847
0.633802
0.642996
0.284187
0.539031
0.655939
0.124643
0.862921
0.738347
0.948586
0.757056
0.422972
0.571832
0.839339
0.622832
0.722386
0.149172
0.879794
0.051230
0.767292
0.074868
0.934983
0.581516
0.788512
0.358432
0.783005
0.368221
0.656867
0.045453
0.650383
0.337570
0.594849
0.177510
0.687645
0.192624
0.512251
0.766364
0.318806
0.981195
