0.799453
0.128339
0.191824
0.355212
0.879009
0.660580
0.157495
0.740222
0.047148
0.874256
0.985758
0.696084
0.967064
0.960962
0.890593
0.708291
0.388377
0.709230
0.068860
0.377531
0.919797
0.266181
0.921120
0.828912
0.420794
0.627394
0.512251
0.306547
0.964088
0.613746
0.786679
0.981775
0.413591
0.005580
0.917794
0.260548
0.207472
0.606517
0.821868
0.845338
0.148198
0.042110
0.518871
0.566584
0.922432
0.278797
0.173793
0.348835
0.076345
0.612840
0.943678
0.602916
0.006438
0.451991
0.389063
0.349469
0.359726
0.374186
0.941421
0.604715
0.539031
0.250543
0.249069
0.822752
0.181673
0.647610
0.934381
0.428818
0.627394
0.543286
0.957686
0.270859
0.045572
0.888311
0.487889
0.406475
0.494314
0.362324
0.655012
0.069373
0.415025
0.066674
0.709230
0.584171
0.470497
0.293533
0.890593
0.291313
0.761715
0.243238
0.333263
0.309433
0.265150
0.222766
0.379548
0.153121
0.839339
0.815650
0.279333
0.976125
