0.799453
0.749585
0.128339
0.147229
0.191824
0.399445
0.355212
0.068350
0.879009
0.916446
0.660580
0.559626
0.157495
0.182822
0.740222
0.344422
0.047148
0.123524
0.874256
0.645763
0.985758
0.946976
0.696084
0.697022
0.967064
0.997349
0.960962
0.939699
0.890593
0.838477
0.708291
0.311174
0.388377
0.431761
0.709230
0.987844
0.068860
0.325975
0.377531
0.468157
0.919797
0.483106
0.266181
0.146266
0.921120
0.528055
0.828912
0.335104
0.420794
0.714868
0.627394
0.953762
0.512251
0.425888
0.306547
0.220083
0.964088
0.600222
0.613746
0.386327
0.786679
0.842775
0.981775
0.724265
0.413591
0.122413
0.005580
0.006397
0.917794
0.956237
0.260548
0.121861
0.207472
0.328391
0.606517
0.488689
0.821868
0.263609
0.845338
0.661509
0.148198
0.136607
0.042110
0.054210
0.518871
0.240363
0.566584
0.738347
0.922432
0.814758
0.278797
0.288007
0.173793
0.124643
0.348835
0.577104
0.076345
0.093402
0.612840
0.926308
0.943678
0.820983
0.602916
0.403653
0.006438
0.003691
0.451991
0.859623
0.389063
0.595743
0.349469
0.771929
0.359726
0.653159
0.374186
0.398747
0.941421
0.808486
0.604715
0.539880
0.539031
0.401545
0.250543
0.148847
0.249069
0.633802
0.822752
0.642996
0.181673
0.284187
0.647610
0.539031
0.934381
0.655939
0.428818
0.124643
0.627394
0.862921
0.543286
0.738347
0.957686
0.948586
0.270859
0.757056
0.045572
0.422972
0.888311
0.571832
0.487889
0.839339
0.406475
0.622832
0.494314
0.722386
0.362324
0.149172
0.655012
0.879794
0.069373
0.051230
0.415025
0.767292
0.066674
0.074868
0.709230
0.934983
0.584171
0.581516
0.470497
0.788512
0.293533
0.358432
0.890593
0.783005
0.291313
0.368221
0.761715
0.656867
0.243238
0.045453
0.333263
0.650383
0.309433
0.337570
0.265150
0.594849
0.222766
0.177510
0.379548
0.687645
0.153121
0.192624
0.839339
0.512251
0.815650
0.766364
0.279333
0.318806
0.976125
0.981195
