0.959139
0.526439
0.528218
0.613360
0.085831
0.853227
0.219479
0.176539
0.057301
0.770389
0.523615
0.052144
0.464086
0.645483
0.728894
0.944037
0.310985
0.554284
0.106208
0.917028
0.595617
0.267371
0.303310
0.478905
0.460496
0.011530
0.672440
0.251235
0.591666
0.000209
0.163744
0.119155
0.961936
0.337985
0.388470
0.702878
0.352066
0.244286
0.015844
0.543433
0.248122
0.378589
0.094784
0.651030
0.048675
0.360175
0.399292
0.560626
0.450412
0.160096
0.744942
0.740112
0.495551
0.685359
0.674824
0.755324
0.917197
0.538519
0.884948
0.152690
0.428707
0.327303
0.319563
0.518862
0.014665
0.847261
0.927574
0.082564
0.460513
0.113176
0.962204
0.254267
0.525644
0.122501
0.700980
0.887514
0.271696
0.072294
0.452497
0.992817
0.387777
0.388534
0.231599
0.417878
0.063940
0.399557
0.356248
0.517291
0.389022
0.502926
0.035029
0.423157
0.739679
0.477548
0.208523
0.233391
0.820748
0.202480
0.982261
0.624033
