0.389121
0.502544
0.960672
0.913171
0.910353
0.613560
0.609743
0.692414
0.393505
0.138931
0.679962
0.325368
0.769888
0.151145
0.283341
0.547493
0.679608
0.199393
0.516812
0.802103
0.837505
0.600996
0.321754
0.136791
0.326455
0.974114
0.463791
0.821783
0.304684
0.835946
0.193166
0.936343
0.709430
0.569804
0.183309
0.576374
0.146118
0.513565
0.410558
0.928461
0.942008
0.970655
0.049702
0.082437
0.732403
0.845960
0.841946
0.779390
0.062871
0.471061
0.301215
0.274423
0.536891
0.109678
0.615323
0.088957
0.897601
0.900546
0.929154
0.259835
0.314603
0.100275
0.389441
0.258348
0.430020
0.017268
0.559918
0.026386
0.298216
0.886750
0.343579
0.404089
0.492141
0.596248
0.427884
0.792533
0.871958
0.239284
0.554386
0.986289
0.078482
0.920802
0.516651
0.014774
0.303636
0.553088
0.335580
0.817105
0.553003
0.376760
0.894312
0.572225
0.056672
0.840928
0.060679
0.867479
0.154562
0.017139
0.685470
0.730282
