0.581425
0.000000
0.629284
0.000000
0.000000
0.569474
0.000000
0.000000
0.480172
0.827241
0.360971
0.827110
0.000000
0.168527
0.964918
0.386843
0.000000
0.000000
0.527184
0.254156
0.344142
0.000000
0.000000
0.276512
0.957476
0.000000
0.831722
0.135938
0.000000
0.000000
0.222451
0.000000
0.333409
0.000000
0.767866
0.189773
0.000000
0.000000
0.245392
0.560532
0.000000
0.758849
0.582843
0.000000
0.890045
0.445789
0.670467
0.208721
0.000000
0.000000
0.789394
0.583261
0.026598
0.790271
0.949394
0.845406
0.611875
0.213659
0.000000
0.000000
0.571867
0.000000
0.377840
0.000000
0.724691
0.960439
0.000000
0.296279
0.044602
0.594020
0.297960
0.477419
0.000000
0.609816
0.912822
0.551421
0.166756
0.392321
0.771075
0.788945
0.000000
0.169203
0.000000
0.000000
0.421501
0.000000
0.606552
0.000000
0.000000
0.000000
0.496498
0.822197
0.000000
0.130433
0.132470
0.639227
0.000000
0.993650
0.000000
0.000000
