0.724782
0.000000
0.241842
0.000000
0.000000
0.149660
0.000000
0.000000
0.297328
0.475516
0.127677
0.832754
0.000000
0.385557
0.050007
0.085476
0.000000
0.000000
0.585067
0.185197
0.709314
0.000000
0.000000
0.462029
0.846583
0.000000
0.580143
0.678972
0.000000
0.000000
0.159232
0.000000
0.590342
0.000000
0.943581
0.710966
0.000000
0.000000
0.474549
0.458215
0.000000
0.777107
0.840829
0.000000
0.479097
0.346553
0.820371
0.977175
0.000000
0.000000
0.549173
0.547215
0.766159
0.046445
0.588336
0.711305
0.092796
0.372609
0.000000
0.000000
0.624895
0.000000
0.352213
0.000000
0.066689
0.644311
0.000000
0.677361
0.966020
0.776495
0.962212
0.510140
0.000000
0.285669
0.141983
0.607767
0.350673
0.598629
0.071841
0.057639
0.000000
0.716793
0.000000
0.000000
0.881121
0.000000
0.667147
0.000000
0.000000
0.000000
0.412487
0.920302
0.000000
0.951957
0.590879
0.954204
0.000000
0.884943
0.000000
0.000000
