0.476823
0.000000
0.155563
0.000000
0.000000
0.575765
0.000000
0.000000
0.330561
0.436521
0.495632
0.634604
0.000000
0.565949
0.841335
0.065496
0.000000
0.000000
0.975302
0.010670
0.814833
0.000000
0.000000
0.466949
0.898348
0.000000
0.159359
0.581572
0.000000
0.000000
0.902384
0.000000
0.057791
0.000000
0.845235
0.812832
0.000000
0.000000
0.757975
0.002896
0.000000
0.700837
0.988249
0.000000
0.318189
0.765626
0.904638
0.879025
0.000000
0.000000
0.282537
0.525542
0.272976
0.582490
0.673135
0.723721
0.032015
0.527856
0.000000
0.000000
0.315468
0.000000
0.324016
0.000000
0.000302
0.962716
0.000000
0.273982
0.357118
0.263055
0.631822
0.137786
0.000000
0.388956
0.182990
0.618004
0.778162
0.648717
0.500989
0.293883
0.000000
0.534568
0.000000
0.000000
0.566100
0.000000
0.692116
0.000000
0.000000
0.000000
0.249582
0.616847
0.000000
0.701519
0.376529
0.196043
0.000000
0.517879
0.000000
0.000000
