0.189439
0.000000
0.865186
0.000000
0.000000
0.476128
0.000000
0.000000
0.673724
0.624683
0.416209
0.185078
0.000000
0.375426
0.891201
0.937368
0.000000
0.000000
0.392516
0.295272
0.725989
0.000000
0.000000
0.151074
0.555743
0.000000
0.061752
0.434550
0.000000
0.000000
0.034922
0.000000
0.067271
0.000000
0.023571
0.413451
0.000000
0.000000
0.874199
0.169402
0.000000
0.679105
0.083099
0.000000
0.522160
0.922994
0.613214
0.348777
0.000000
0.000000
0.957028
0.852407
0.156797
0.554030
0.301804
0.217884
0.274017
0.699333
0.000000
0.000000
0.783379
0.000000
0.846226
0.000000
0.915372
0.651912
0.000000
0.825926
0.906667
0.396162
0.445397
0.405814
0.000000
0.710250
0.884687
0.946610
0.734645
0.164901
0.362989
0.569365
0.000000
0.230211
0.000000
0.000000
0.096346
0.000000
0.650009
0.000000
0.000000
0.000000
0.223293
0.279515
0.000000
0.351556
0.263358
0.564560
0.000000
0.971902
0.000000
0.000000
