0.569437
0.000000
0.647808
0.000000
0.000000
0.753409
0.000000
0.000000
0.776777
0.177761
0.414097
0.443693
0.000000
0.058677
0.294964
0.758429
0.000000
0.000000
0.183354
0.771013
0.908853
0.000000
0.000000
0.278870
0.153420
0.000000
0.774575
0.786592
0.000000
0.000000
0.643976
0.000000
0.849313
0.000000
0.207407
0.334900
0.000000
0.000000
0.207088
0.900366
0.000000
0.693779
0.615881
0.000000
0.769629
0.823978
0.329720
0.833841
0.000000
0.000000
0.534586
0.360818
0.103950
0.203193
0.355156
0.446934
0.190734
0.153504
0.000000
0.000000
0.108223
0.000000
0.796872
0.000000
0.560518
0.754204
0.000000
0.770650
0.045797
0.081453
0.044466
0.688210
0.000000
0.093807
0.844515
0.210976
0.155118
0.620540
0.130269
0.048018
0.000000
0.391753
0.000000
0.000000
0.687204
0.000000
0.674938
0.000000
0.000000
0.000000
0.697214
0.762266
0.000000
0.420371
0.253781
0.141845
0.000000
0.344536
0.000000
0.000000
