0.951355
0.000000
0.492693
0.000000
0.000000
0.783877
0.000000
0.000000
0.656691
0.420886
0.025230
0.670997
0.000000
0.099636
0.531699
0.059604
0.000000
0.000000
0.208211
0.902693
0.953913
0.000000
0.000000
0.427994
0.336627
0.000000
0.962997
0.495491
0.000000
0.000000
0.452736
0.000000
0.130672
0.000000
0.465185
0.344595
0.000000
0.000000
0.340777
0.855791
0.000000
0.120527
0.762635
0.000000
0.049249
0.810256
0.355825
0.444758
0.000000
0.000000
0.655849
0.299831
0.821850
0.047600
0.459642
0.899753
0.099769
0.622278
0.000000
0.000000
0.720078
0.000000
0.120113
0.000000
0.297648
0.657944
0.000000
0.245727
0.144875
0.664266
0.613274
0.321465
0.000000
0.373218
0.135165
0.883854
0.308562
0.764275
0.619055
0.730318
0.000000
0.478995
0.000000
0.000000
0.134594
0.000000
0.956455
0.000000
0.000000
0.000000
0.709566
0.591261
0.000000
0.265629
0.634624
0.403243
0.000000
0.848408
0.000000
0.000000
