0.801552
0.000000
0.696082
0.000000
0.000000
0.939888
0.000000
0.000000
0.563191
0.827385
0.858771
0.058936
0.000000
0.005975
0.992661
0.926341
0.000000
0.000000
0.274816
0.793561
0.593457
0.000000
0.000000
0.558645
0.579693
0.000000
0.399646
0.973261
0.000000
0.000000
0.580128
0.000000
0.362326
0.000000
0.158461
0.455180
0.000000
0.000000
0.725805
0.266884
0.000000
0.091681
0.482501
0.000000
0.688845
0.398049
0.992869
0.634521
0.000000
0.000000
0.352570
0.868612
0.060069
0.959166
0.905911
0.723256
0.091251
0.575295
0.000000
0.000000
0.416233
0.000000
0.675533
0.000000
0.295664
0.699912
0.000000
0.181313
0.001954
0.270928
0.025336
0.041143
0.000000
0.111400
0.915885
0.814903
0.153165
0.543460
0.187866
0.573792
0.000000
0.298875
0.000000
0.000000
0.999522
0.000000
0.699024
0.000000
0.000000
0.000000
0.760831
0.831352
0.000000
0.594139
0.531895
0.103665
0.000000
0.877159
0.000000
0.000000
