0.802976
0.000000
0.362122
0.000000
0.000000
0.648324
0.000000
0.000000
0.855360
0.220183
0.186155
0.901030
0.000000
0.841187
0.887658
0.491742
0.000000
0.000000
0.157512
0.073112
0.327498
0.000000
0.000000
0.287292
0.821377
0.000000
0.110249
0.212639
0.000000
0.000000
0.525235
0.000000
0.458937
0.000000
0.951737
0.911982
0.000000
0.000000
0.169094
0.617124
0.000000
0.657655
0.981389
0.000000
0.101662
0.652364
0.302060
0.186738
0.000000
0.000000
0.434816
0.299744
0.418979
0.939094
0.744597
0.935127
0.379830
0.637875
0.000000
0.000000
0.210517
0.000000
0.698113
0.000000
0.233215
0.737216
0.000000
0.604695
0.068120
0.148546
0.953184
0.530561
0.000000
0.648858
0.354875
0.760872
0.290976
0.968575
0.722485
0.559419
0.000000
0.252106
0.000000
0.000000
0.448596
0.000000
0.711398
0.000000
0.000000
0.000000
0.347731
0.374493
0.000000
0.592432
0.237431
0.206433
0.000000
0.872564
0.000000
0.000000
