0.951355
0.802976
0.476823
0.724782
0.189439
0.581425
0.569437
0.801552
0.000000
0.000000
0.000000
0.000000
0.000000
0.000000
0.000000
0.000000
0.492693
0.362122
0.155563
0.241842
0.865186
0.629284
0.647808
0.696082
0.000000
0.000000
0.000000
0.000000
0.000000
0.000000
0.000000
0.000000
0.000000
0.000000
0.000000
0.000000
0.000000
0.000000
0.000000
0.000000
0.783877
0.648324
0.575765
0.149660
0.476128
0.569474
0.753409
0.939888
0.000000
0.000000
0.000000
0.000000
0.000000
0.000000
0.000000
0.000000
0.000000
0.000000
0.000000
0.000000
0.000000
0.000000
0.000000
0.000000
0.656691
0.855360
0.330561
0.297328
0.673724
0.480172
0.776777
0.563191
0.420886
0.220183
0.436521
0.475516
0.624683
0.827241
0.177761
0.827385
0.025230
0.186155
0.495632
0.127677
0.416209
0.360971
0.414097
0.858771
0.670997
0.901030
0.634604
0.832754
0.185078
0.827110
0.443693
0.058936
0.000000
0.000000
0.000000
0.000000
0.000000
0.000000
0.000000
0.000000
0.099636
0.841187
0.565949
0.385557
0.375426
0.168527
0.058677
0.005975
0.531699
0.887658
0.841335
0.050007
0.891201
0.964918
0.294964
0.992661
0.059604
0.491742
0.065496
0.085476
0.937368
0.386843
0.758429
0.926341
0.000000
0.000000
0.000000
0.000000
0.000000
0.000000
0.000000
0.000000
0.000000
0.000000
0.000000
0.000000
0.000000
0.000000
0.000000
0.000000
0.208211
0.157512
0.975302
0.585067
0.392516
0.527184
0.183354
0.274816
0.902693
0.073112
0.010670
0.185197
0.295272
0.254156
0.771013
0.793561
0.953913
0.327498
0.814833
0.709314
0.725989
0.344142
0.908853
0.593457
0.000000
0.000000
0.000000
0.000000
0.000000
0.000000
0.000000
0.000000
0.000000
0.000000
0.000000
0.000000
0.000000
0.000000
0.000000
0.000000
0.427994
0.287292
0.466949
0.462029
0.151074
0.276512
0.278870
0.558645
0.336627
0.821377
0.898348
0.846583
0.555743
0.957476
0.153420
0.579693
0.000000
0.000000
0.000000
0.000000
0.000000
0.000000
0.000000
0.000000
0.962997
0.110249
0.159359
0.580143
0.061752
0.831722
0.774575
0.399646
0.495491
0.212639
0.581572
0.678972
0.434550
0.135938
0.786592
0.973261
0.000000
0.000000
0.000000
0.000000
0.000000
0.000000
0.000000
0.000000
0.000000
0.000000
0.000000
0.000000
0.000000
0.000000
0.000000
0.000000
0.452736
0.525235
0.902384
0.159232
0.034922
0.222451
0.643976
0.580128
0.000000
0.000000
0.000000
0.000000
0.000000
0.000000
0.000000
0.000000
0.130672
0.458937
0.057791
0.590342
0.067271
0.333409
0.849313
0.362326
0.000000
0.000000
0.000000
0.000000
0.000000
0.000000
0.000000
0.000000
0.465185
0.951737
0.845235
0.943581
0.023571
0.767866
0.207407
0.158461
0.344595
0.911982
0.812832
0.710966
0.413451
0.189773
0.334900
0.455180
0.000000
0.000000
0.000000
0.000000
0.000000
0.000000
0.000000
0.000000
0.000000
0.000000
0.000000
0.000000
0.000000
0.000000
0.000000
0.000000
0.340777
0.169094
0.757975
0.474549
0.874199
0.245392
0.207088
0.725805
0.855791
0.617124
0.002896
0.458215
0.169402
0.560532
0.900366
0.266884
0.000000
0.000000
0.000000
0.000000
0.000000
0.000000
0.000000
0.000000
0.120527
0.657655
0.700837
0.777107
0.679105
0.758849
0.693779
0.091681
0.762635
0.981389
0.988249
0.840829
0.083099
0.582843
0.615881
0.482501
0.000000
0.000000
0.000000
0.000000
0.000000
0.000000
0.000000
0.000000
0.049249
0.101662
0.318189
0.479097
0.522160
0.890045
0.769629
0.688845
0.810256
0.652364
0.765626
0.346553
0.922994
0.445789
0.823978
0.398049
0.355825
0.302060
0.904638
0.820371
0.613214
0.670467
0.329720
0.992869
0.444758
0.186738
0.879025
0.977175
0.348777
0.208721
0.833841
0.634521
0.000000
0.000000
0.000000
0.000000
0.000000
0.000000
0.000000
0.000000
0.000000
0.000000
0.000000
0.000000
0.000000
0.000000
0.000000
0.000000
0.655849
0.434816
0.282537
0.549173
0.957028
0.789394
0.534586
0.352570
0.299831
0.299744
0.525542
0.547215
0.852407
0.583261
0.360818
0.868612
0.821850
0.418979
0.272976
0.766159
0.156797
0.026598
0.103950
0.060069
0.047600
0.939094
0.582490
0.046445
0.554030
0.790271
0.203193
0.959166
0.459642
0.744597
0.673135
0.588336
0.301804
0.949394
0.355156
0.905911
0.899753
0.935127
0.723721
0.711305
0.217884
0.845406
0.446934
0.723256
0.099769
0.379830
0.032015
0.092796
0.274017
0.611875
0.190734
0.091251
0.622278
0.637875
0.527856
0.372609
0.699333
0.213659
0.153504
0.575295
0.000000
0.000000
0.000000
0.000000
0.000000
0.000000
0.000000
0.000000
0.000000
0.000000
0.000000
0.000000
0.000000
0.000000
0.000000
0.000000
0.720078
0.210517
0.315468
0.624895
0.783379
0.571867
0.108223
0.416233
0.000000
0.000000
0.000000
0.000000
0.000000
0.000000
0.000000
0.000000
0.120113
0.698113
0.324016
0.352213
0.846226
0.377840
0.796872
0.675533
0.000000
0.000000
0.000000
0.000000
0.000000
0.000000
0.000000
0.000000
0.297648
0.233215
0.000302
0.066689
0.915372
0.724691
0.560518
0.295664
0.657944
0.737216
0.962716
0.644311
0.651912
0.960439
0.754204
0.699912
0.000000
0.000000
0.000000
0.000000
0.000000
0.000000
0.000000
0.000000
0.245727
0.604695
0.273982
0.677361
0.825926
0.296279
0.770650
0.181313
0.144875
0.068120
0.357118
0.966020
0.906667
0.044602
0.045797
0.001954
0.664266
0.148546
0.263055
0.776495
0.396162
0.594020
0.081453
0.270928
0.613274
0.953184
0.631822
0.962212
0.445397
0.297960
0.044466
0.025336
0.321465
0.530561
0.137786
0.510140
0.405814
0.477419
0.688210
0.041143
0.000000
0.000000
0.000000
0.000000
0.000000
0.000000
0.000000
0.000000
0.373218
0.648858
0.388956
0.285669
0.710250
0.609816
0.093807
0.111400
0.135165
0.354875
0.182990
0.141983
0.884687
0.912822
0.844515
0.915885
0.883854
0.760872
0.618004
0.607767
0.946610
0.551421
0.210976
0.814903
0.308562
0.290976
0.778162
0.350673
0.734645
0.166756
0.155118
0.153165
0.764275
0.968575
0.648717
0.598629
0.164901
0.392321
0.620540
0.543460
0.619055
0.722485
0.500989
0.071841
0.362989
0.771075
0.130269
0.187866
0.730318
0.559419
0.293883
0.057639
0.569365
0.788945
0.048018
0.573792
0.000000
0.000000
0.000000
0.000000
0.000000
0.000000
0.000000
0.000000
0.478995
0.252106
0.534568
0.716793
0.230211
0.169203
0.391753
0.298875
0.000000
0.000000
0.000000
0.000000
0.000000
0.000000
0.000000
0.000000
0.000000
0.000000
0.000000
0.000000
0.000000
0.000000
0.000000
0.000000
0.134594
0.448596
0.566100
0.881121
0.096346
0.421501
0.687204
0.999522
0.000000
0.000000
0.000000
0.000000
0.000000
0.000000
0.000000
0.000000
0.956455
0.711398
0.692116
0.667147
0.650009
0.606552
0.674938
0.699024
0.000000
0.000000
0.000000
0.000000
0.000000
0.000000
0.000000
0.000000
0.000000
0.000000
0.000000
0.000000
0.000000
0.000000
0.000000
0.000000
0.000000
0.000000
0.000000
0.000000
0.000000
0.000000
0.000000
0.000000
0.709566
0.347731
0.249582
0.412487
0.223293
0.496498
0.697214
0.760831
0.591261
0.374493
0.616847
0.920302
0.279515
0.822197
0.762266
0.831352
0.000000
0.000000
0.000000
0.000000
0.000000
0.000000
0.000000
0.000000
0.265629
0.592432
0.701519
0.951957
0.351556
0.130433
0.420371
0.594139
0.634624
0.237431
0.376529
0.590879
0.263358
0.132470
0.253781
0.531895
0.403243
0.206433
0.196043
0.954204
0.564560
0.639227
0.141845
0.103665
0.000000
0.000000
0.000000
0.000000
0.000000
0.000000
0.000000
0.000000
0.848408
0.872564
0.517879
0.884943
0.971902
0.993650
0.344536
0.877159
0.000000
0.000000
0.000000
0.000000
0.000000
0.000000
0.000000
0.000000
0.000000
0.000000
0.000000
0.000000
0.000000
0.000000
0.000000
0.000000
