0.269213
0.383544
0.860552
0.734975
0.701083
0.719504
0.146947
0.070465
0.388035
0.108246
0.513912
0.846017
0.645216
0.944280
0.700035
0.006969
0.072930
0.906674
0.046808
0.100970
0.925641
0.236040
0.960652
0.348428
0.129845
0.405077
0.752633
0.659949
0.321937
0.305236
0.809060
0.988745
0.417330
0.565479
0.942246
0.257320
0.656220
0.907743
0.022142
0.129337
0.525438
0.792266
0.577293
0.561459
0.603140
0.830425
0.064365
0.238066
0.035635
0.057419
0.693374
0.725286
0.389700
0.191059
0.527883
0.678708
0.928498
0.263879
0.735172
0.171606
0.606684
0.167970
0.673579
0.822827
0.724373
0.942468
0.186138
0.822156
0.310268
0.516650
0.908942
0.422677
0.126383
0.259134
0.470377
0.419517
0.652566
0.642388
0.019864
0.684592
0.734530
0.791773
0.940540
0.265413
0.092602
0.501035
0.122913
0.199491
0.929753
0.271601
0.293201
0.851617
0.846166
0.532297
0.694284
0.633515
0.177831
0.162863
0.806671
0.720019
