0.975779
0.819323
0.000000
0.157203
0.891900
0.028083
0.000000
0.553678
0.000000
0.781935
0.458847
0.499189
0.927737
0.617493
0.888796
0.850064
0.822272
0.000000
0.000000
0.260264
0.878840
0.853708
0.878298
0.733518
0.000000
0.782347
0.555537
0.000000
0.118936
0.000000
0.398014
0.295711
0.235369
0.000000
0.533609
0.332356
0.733906
0.065948
0.898365
0.564530
0.000000
0.000000
0.000000
0.000000
0.124018
0.000000
0.500186
0.000000
0.000000
0.000000
0.170649
0.076553
0.639115
0.000000
0.000000
0.000000
0.000000
0.000000
0.326229
0.886773
0.206065
0.804564
0.000000
0.089176
0.000000
0.000000
0.208711
0.282379
0.449648
0.000000
0.439719
0.996097
0.000000
0.051519
0.294985
0.537899
0.000000
0.876956
0.402148
0.771042
0.000000
0.891319
0.000000
0.520033
0.000000
0.994950
0.032479
0.000000
0.518673
0.419084
0.000000
0.307313
0.280233
0.000000
0.000000
0.000000
0.000000
0.366095
0.000000
0.941288
