0.282121
0.832290
0.000000
0.561077
0.695968
0.505968
0.000000
0.709411
0.000000
0.258095
0.231935
0.660188
0.629715
0.208447
0.918484
0.078417
0.535082
0.000000
0.000000
0.962870
0.430429
0.621613
0.258732
0.897523
0.000000
0.818126
0.093369
0.000000
0.499279
0.000000
0.752360
0.357820
0.626925
0.000000
0.831619
0.838622
0.855724
0.718217
0.084053
0.790360
0.000000
0.000000
0.000000
0.000000
0.150289
0.000000
0.848028
0.000000
0.000000
0.000000
0.312641
0.088078
0.575747
0.000000
0.000000
0.000000
0.000000
0.000000
0.681363
0.614458
0.184469
0.002921
0.000000
0.989923
0.000000
0.000000
0.643940
0.464795
0.620340
0.000000
0.094775
0.478376
0.000000
0.111502
0.489965
0.170211
0.000000
0.804713
0.609795
0.858217
0.000000
0.258691
0.000000
0.788838
0.000000
0.860257
0.759760
0.000000
0.240968
0.420760
0.000000
0.641698
0.010759
0.000000
0.000000
0.000000
0.000000
0.179242
0.000000
0.293173
