1.000000
0.316051
0.000000
0.597065
0.940063
0.659980
0.000000
0.171239
0.000000
0.329049
0.446997
0.560832
0.781548
0.776073
0.214584
0.253400
0.198730
0.000000
0.000000
0.882501
0.595172
0.102614
0.193545
0.197424
0.000000
0.705704
0.594232
0.000000
0.411476
0.000000
0.775189
0.930348
0.100097
0.000000
0.840767
0.944571
0.287611
0.423778
0.593161
0.941997
0.000000
0.000000
0.000000
0.000000
0.094661
0.000000
0.594469
0.000000
0.000000
0.000000
0.771231
0.410903
0.527573
0.000000
0.000000
0.000000
0.000000
0.000000
0.929811
0.613198
0.579302
0.955044
0.000000
0.228972
0.000000
0.000000
0.556006
0.591119
0.219836
0.000000
0.906579
0.894494
0.000000
0.986232
0.259256
0.399775
0.000000
0.643100
0.493200
0.203190
0.000000
0.900908
0.000000
0.464510
0.000000
0.220302
0.173000
0.000000
0.385037
0.007311
0.000000
0.962233
1.000000
0.000000
0.000000
0.000000
0.000000
0.254162
0.000000
0.242194
