0.082337
0.985813
0.000000
0.519062
0.617947
0.740178
0.000000
0.285635
0.000000
0.884924
0.566512
0.565760
0.951109
0.223293
0.450135
0.386859
0.478067
0.000000
0.000000
0.806381
0.244827
0.730461
0.150608
0.613723
0.000000
0.694921
0.238847
0.000000
0.156246
0.000000
0.520541
0.573962
0.624527
0.000000
0.348793
0.553717
0.807012
0.094395
0.336779
0.282388
0.000000
0.000000
0.000000
0.000000
0.187781
0.000000
0.431111
0.000000
0.000000
0.000000
0.430100
0.502069
0.086487
0.000000
0.000000
0.000000
0.000000
0.000000
0.638932
0.321824
0.289748
0.011883
0.000000
0.789467
0.000000
0.000000
0.507776
0.833223
0.573215
0.000000
0.111326
0.457722
0.000000
0.095913
0.532884
0.067017
0.000000
0.798903
0.812667
0.886678
0.000000
0.414185
0.000000
0.143999
0.000000
0.673529
0.872497
0.000000
0.280274
0.100734
0.000000
0.971528
0.023826
0.000000
0.000000
0.000000
0.000000
0.898204
0.000000
0.344116
