0.488633
0.785313
0.000000
0.514386
0.879234
0.758907
0.000000
0.290448
0.000000
0.336682
0.272384
0.556778
0.948938
0.767537
0.794436
0.067842
0.268169
0.000000
0.000000
0.765198
0.169186
0.723784
0.015387
0.979528
0.000000
0.156434
0.173178
0.000000
0.940707
0.000000
0.620838
0.041810
0.687932
0.000000
0.858831
0.710413
0.464851
0.823179
0.042000
0.844579
0.000000
0.000000
0.000000
0.000000
0.293299
0.000000
0.334043
0.000000
0.000000
0.000000
0.599859
0.237561
0.802011
0.000000
0.000000
0.000000
0.000000
0.000000
0.677912
0.632945
0.612294
0.004791
0.000000
0.742922
0.000000
0.000000
0.628561
0.466075
0.430178
0.000000
0.171819
0.895570
0.000000
0.086589
0.466075
0.398132
0.000000
0.776975
0.815982
0.776886
0.000000
0.208374
0.000000
0.761489
0.000000
0.197758
0.522690
0.000000
0.418764
0.196860
0.000000
0.529492
0.000886
0.000000
0.000000
0.000000
0.000000
0.214920
0.000000
0.668513
