0.902738
0.621498
0.000000
0.867784
0.930812
0.280364
0.000000
0.146470
0.000000
0.711743
0.590014
0.711852
0.677218
0.366410
0.354982
0.456908
0.091129
0.000000
0.000000
0.649034
0.891548
0.813740
0.298166
0.244714
0.000000
0.689367
0.639308
0.000000
0.372088
0.000000
0.585480
0.674091
0.060871
0.000000
0.567151
0.507765
0.121269
0.591752
0.437247
0.955333
0.000000
0.000000
0.000000
0.000000
0.029387
0.000000
0.660595
0.000000
0.000000
0.000000
0.413139
0.186815
0.608029
0.000000
0.000000
0.000000
0.000000
0.000000
0.939195
0.926012
0.530768
0.802952
0.000000
0.120397
0.000000
0.000000
0.556298
0.608815
0.142900
0.000000
0.717833
0.430957
0.000000
0.479326
0.840226
0.602460
0.000000
0.850217
0.340016
0.456161
0.000000
0.914128
0.000000
0.741461
0.000000
0.470401
0.396340
0.000000
0.667289
0.132811
0.000000
0.763627
1.000000
0.000000
0.000000
0.000000
0.000000
0.226459
0.000000
0.229276
