0.569428
0.893603
0.000000
0.913216
0.604000
0.289122
0.000000
0.563275
0.000000
0.502038
0.932326
0.934301
0.654737
0.268149
0.911718
0.850743
0.109767
0.000000
0.000000
0.815946
0.783150
0.253716
0.422678
0.512367
0.000000
0.639898
0.539461
0.000000
0.110775
0.000000
0.280391
0.498243
0.075584
0.000000
0.765177
0.043029
0.168201
0.364416
0.482043
0.503374
0.000000
0.000000
0.000000
0.000000
0.037851
0.000000
0.870605
0.000000
0.000000
0.000000
0.616080
0.108038
0.580848
0.000000
0.000000
0.000000
0.000000
0.000000
0.519802
0.664113
0.624885
0.825736
0.000000
0.073904
0.000000
0.000000
0.123400
0.878961
0.348225
0.000000
0.178478
0.631389
0.000000
0.062123
0.416681
0.534366
0.000000
0.628243
0.389367
0.923367
0.000000
0.390405
0.000000
0.287946
0.000000
0.414858
0.122328
0.000000
0.413672
0.068921
0.000000
0.295108
0.896715
0.000000
0.000000
0.000000
0.000000
0.160548
0.000000
0.201392
