0.048111
0.606377
0.000000
0.631349
0.591269
0.684209
0.000000
0.217460
0.000000
0.779801
0.584765
0.392587
0.898004
0.252666
0.479448
0.412015
0.284920
0.000000
0.000000
0.584679
0.345032
0.614505
0.135434
0.610390
0.000000
0.935075
0.503888
0.000000
0.209455
0.000000
0.765277
0.780407
0.967352
0.000000
0.265080
0.660888
0.628014
0.022862
0.331357
0.439183
0.000000
0.000000
0.000000
0.000000
0.208567
0.000000
0.545395
0.000000
0.000000
0.000000
0.377755
0.515160
0.051275
0.000000
0.000000
0.000000
0.000000
0.000000
0.509507
0.228404
0.691202
0.004888
0.000000
0.649727
0.000000
0.000000
0.734489
0.692960
0.481557
0.000000
0.141537
0.478096
0.000000
0.101658
0.946543
0.035569
0.000000
0.705441
0.599287
0.963807
0.000000
0.402338
0.000000
0.076939
0.000000
0.713506
0.701104
0.000000
0.357869
0.060866
0.000000
0.554533
0.041389
0.000000
0.000000
0.000000
0.000000
0.894677
0.000000
0.550301
