0.177541
0.730823
0.000000
0.456343
0.638395
0.412912
0.000000
0.605546
0.000000
0.515248
0.457392
0.996133
0.720783
0.224896
0.503228
0.245376
0.602603
0.000000
0.000000
0.986898
0.358413
0.790816
0.168761
0.703754
0.000000
0.944248
0.123816
0.000000
0.275846
0.000000
0.797718
0.466371
0.508892
0.000000
0.601410
0.798779
0.826318
0.318423
0.248391
0.471819
0.000000
0.000000
0.000000
0.000000
0.189259
0.000000
0.703749
0.000000
0.000000
0.000000
0.482254
0.221167
0.343347
0.000000
0.000000
0.000000
0.000000
0.000000
0.902632
0.408122
0.163405
0.007207
0.000000
0.942281
0.000000
0.000000
0.393669
0.795131
0.462754
0.000000
0.103119
0.258298
0.000000
0.102334
0.430746
0.104397
0.000000
0.949289
0.930407
0.870039
0.000000
0.394853
0.000000
0.437067
0.000000
0.768625
0.831397
0.000000
0.149346
0.352795
0.000000
0.770287
0.026719
0.000000
0.000000
0.000000
0.000000
0.614365
0.000000
0.263898
