0.365724
0.978958
0.000000
0.478184
0.781459
0.856876
0.000000
0.528767
0.000000
0.344891
0.109621
0.630382
0.862165
0.314934
0.871731
0.038518
0.391057
0.000000
0.000000
0.877430
0.290908
0.688055
0.133736
0.700769
0.000000
0.447273
0.140267
0.000000
0.902557
0.000000
0.637222
0.127383
0.671373
0.000000
0.980884
0.570412
0.579021
0.935621
0.065675
0.930853
0.000000
0.000000
0.000000
0.000000
0.168680
0.000000
0.891784
0.000000
0.000000
0.000000
0.272571
0.178492
0.750617
0.000000
0.000000
0.000000
0.000000
0.000000
0.797914
0.861321
0.238916
0.002284
0.000000
0.863546
0.000000
0.000000
0.738226
0.456408
0.950281
0.000000
0.161654
0.986480
0.000000
0.136363
0.913906
0.324015
0.000000
0.990274
0.582460
0.993513
0.000000
0.143818
0.000000
0.712874
0.000000
0.503651
0.819242
0.000000
0.306443
0.208251
0.000000
0.471531
0.002953
0.000000
0.000000
0.000000
0.000000
0.092173
0.000000
0.609863
