0.666308
0.843190
0.000000
0.788202
0.649859
0.279202
0.000000
0.149939
0.000000
0.538300
0.751328
0.994812
0.993404
0.194461
0.785266
0.958220
0.072656
0.000000
0.000000
0.699814
0.839584
0.577788
0.342782
0.450060
0.000000
0.523475
0.329245
0.000000
0.204965
0.000000
0.491623
0.518939
0.060629
0.000000
0.714817
0.107604
0.150436
0.636133
0.501240
0.811398
0.000000
0.000000
0.000000
0.000000
0.026919
0.000000
0.945767
0.000000
0.000000
0.000000
0.864484
0.138885
0.646175
0.000000
0.000000
0.000000
0.000000
0.000000
0.833597
0.967213
0.438456
1.000000
0.000000
0.070562
0.000000
0.000000
0.325924
0.791568
0.155122
0.000000
0.358388
0.329875
0.000000
0.119013
0.354985
0.878857
0.000000
0.845366
0.216910
0.935205
0.000000
0.469127
0.000000
0.407672
0.000000
0.392478
0.215785
0.000000
0.568123
0.199874
0.000000
0.553226
0.751830
0.000000
0.000000
0.000000
0.000000
0.264940
0.000000
0.298492
