0.736048
0.730823
0.000000
0.456343
0.845985
0.217099
0.000000
0.793650
0.000000
0.910821
0.871854
0.557571
0.901913
0.425781
0.752074
1.000000
0.208097
0.000000
0.000000
0.824548
0.900809
0.314130
0.879135
0.607536
0.000000
1.000000
0.600099
0.000000
0.072988
0.000000
0.319291
0.515240
0.136281
0.000000
0.809481
0.094049
0.135230
0.185324
0.602319
0.538935
0.000000
0.000000
0.000000
0.000000
0.017438
0.000000
0.826098
0.000000
0.000000
0.000000
0.512969
0.055021
0.612373
0.000000
0.000000
0.000000
0.000000
0.000000
0.093255
0.586572
0.734759
0.880505
0.000000
0.117576
0.000000
0.000000
0.079902
0.928656
0.874442
0.000000
0.385878
0.626775
0.000000
0.074554
0.251771
0.434286
0.000000
0.322010
0.762419
0.813181
0.000000
0.568209
0.000000
0.296566
0.000000
0.676864
0.132435
0.000000
0.799422
0.054893
0.000000
0.411785
0.935591
0.000000
0.000000
0.000000
0.000000
0.137533
0.000000
0.332123
