0.850696
0.874974
0.000000
0.115604
0.826776
0.023365
0.000000
0.788388
0.000000
0.910395
0.455601
0.661903
0.989268
0.485949
0.843813
0.920790
0.931214
0.000000
0.000000
0.293029
0.920158
0.940827
0.889999
0.834911
0.000000
0.714099
0.151707
0.000000
0.076192
0.000000
0.272375
0.453829
0.318738
0.000000
0.488972
0.478806
0.970610
0.131505
0.973201
0.437471
0.000000
0.000000
0.000000
0.000000
0.274992
0.000000
0.559147
0.000000
0.000000
0.000000
0.071437
0.081607
0.496577
0.000000
0.000000
0.000000
0.000000
0.000000
0.437632
0.729701
0.234930
0.708615
0.000000
0.141285
0.000000
0.000000
0.202584
0.294240
0.417027
0.000000
0.628483
0.765188
0.000000
0.061946
0.365178
0.682950
0.000000
0.989451
0.389630
0.633951
0.000000
0.856214
0.000000
0.960207
0.000000
0.924211
0.054738
0.000000
0.488792
0.304480
0.000000
0.267756
0.341811
0.000000
0.000000
0.000000
0.000000
0.142532
0.000000
0.830183
