0.621392
0.882783
0.000000
0.866427
0.955028
0.926973
0.000000
0.103142
0.000000
0.532614
0.703785
0.662688
0.867857
0.797954
0.619596
0.113784
0.384319
0.000000
0.000000
0.324462
0.325119
0.125944
0.026928
0.835687
0.000000
0.324114
0.057099
0.000000
0.910247
0.000000
0.253298
0.170879
0.849515
0.000000
0.668204
0.944571
0.800125
0.979415
0.057486
0.512567
0.000000
0.000000
0.000000
0.000000
0.436724
0.000000
0.094295
0.000000
0.000000
0.000000
0.799172
0.356223
0.514752
0.000000
0.000000
0.000000
0.000000
0.000000
0.735626
0.290520
0.817313
0.083847
0.000000
0.960022
0.000000
0.000000
0.891921
0.420345
0.199585
0.000000
0.113130
0.954675
0.000000
0.097590
0.957157
0.388648
0.000000
0.567054
0.840278
0.382890
0.000000
0.304305
0.000000
0.464510
0.000000
0.059077
0.077202
0.000000
0.534951
0.051652
0.000000
0.477536
0.002979
0.000000
0.000000
0.000000
0.000000
0.633124
0.000000
0.475770
