0.947993
0.780957
0.000000
0.153822
0.929375
0.041479
0.000000
0.510211
0.000000
0.834781
0.638538
0.597301
0.918323
0.794605
0.816882
0.813784
0.991249
0.000000
0.000000
0.352808
0.662360
0.712995
0.732636
0.693238
0.000000
0.962872
0.888097
0.000000
0.195230
0.000000
0.514431
0.421373
0.244601
0.000000
0.794832
0.235660
0.452434
0.099770
0.908248
0.459336
0.000000
0.000000
0.000000
0.000000
0.081159
0.000000
0.490793
0.000000
0.000000
0.000000
0.343352
0.073268
0.951975
0.000000
0.000000
0.000000
0.000000
0.000000
0.096667
0.843389
0.394154
0.950132
0.000000
0.120561
0.000000
0.000000
0.125399
0.371332
0.439282
0.000000
0.480679
0.709093
0.000000
0.049724
0.263791
0.551871
0.000000
0.612505
0.699730
0.979888
0.000000
0.862910
0.000000
0.256469
0.000000
0.875734
0.066287
0.000000
0.578489
0.430865
0.000000
0.232050
0.452746
0.000000
0.000000
0.000000
0.000000
0.401771
0.000000
0.704134
