0.937828
0.669545
0.000000
0.157730
0.972872
0.099550
0.000000
0.640401
0.000000
0.973060
0.991685
0.589725
0.684080
0.731563
0.801250
0.880680
0.523554
0.000000
0.000000
0.603131
0.677879
0.605317
0.563463
0.747740
0.000000
0.989906
0.748030
0.000000
0.102795
0.000000
0.450179
0.570973
0.239620
0.000000
0.967786
0.216159
0.221931
0.166112
0.947674
0.442585
0.000000
0.000000
0.000000
0.000000
0.021164
0.000000
0.652009
0.000000
0.000000
0.000000
0.446285
0.054480
0.830330
0.000000
0.000000
0.000000
0.000000
0.000000
0.025984
0.744712
0.606268
0.772617
0.000000
0.152506
0.000000
0.000000
0.081664
0.638547
0.608038
0.000000
0.595589
0.575610
0.000000
0.067806
0.181449
0.509974
0.000000
0.383679
0.884049
0.956289
0.000000
0.700377
0.000000
0.241355
0.000000
0.761854
0.126552
0.000000
0.736313
0.125942
0.000000
0.338791
0.869362
0.000000
0.000000
0.000000
0.000000
0.221203
0.000000
0.657816
