0.072376
0.316692
0.000000
0.491657
0.705127
0.185212
0.000000
0.656979
0.000000
0.944311
0.916542
0.579810
0.840099
0.403864
0.311320
0.555507
0.434420
0.000000
0.000000
0.383062
0.946723
0.359927
0.182445
0.645565
0.000000
0.807047
0.220823
0.000000
0.239740
0.000000
0.877201
0.750491
0.995920
0.000000
0.315471
0.889359
0.373255
0.025066
0.610955
0.943725
0.000000
0.000000
0.000000
0.000000
0.066637
0.000000
0.627156
0.000000
0.000000
0.000000
0.662584
0.445044
0.068849
0.000000
0.000000
0.000000
0.000000
0.000000
0.773037
0.246385
0.629930
0.022412
0.000000
0.776665
0.000000
0.000000
0.605658
0.667218
0.473433
0.000000
0.337942
0.642580
0.000000
0.104391
0.824703
0.059213
0.000000
0.921010
0.624983
0.730919
0.000000
0.290524
0.000000
0.098526
0.000000
0.798211
0.292147
0.000000
0.258144
0.061653
0.000000
0.275265
0.066138
0.000000
0.000000
0.000000
0.000000
0.984606
0.000000
0.835581
