0.058150
0.428453
0.000000
0.585091
0.596778
0.329560
0.000000
0.379946
0.000000
0.823465
0.734506
0.437082
0.954323
0.406598
0.268305
0.380417
0.290623
0.000000
0.000000
0.504243
0.699363
0.356556
0.139338
0.635262
0.000000
0.875174
0.499910
0.000000
0.336803
0.000000
0.811697
0.743484
0.874570
0.000000
0.299498
0.885807
0.480177
0.007701
0.402092
0.821636
0.000000
0.000000
0.000000
0.000000
0.139325
0.000000
0.947811
0.000000
0.000000
0.000000
0.514262
0.530923
0.071973
0.000000
0.000000
0.000000
0.000000
0.000000
0.707468
0.223895
0.751915
0.006120
0.000000
0.819142
0.000000
0.000000
0.627460
0.687497
0.356736
0.000000
0.233329
0.381235
0.000000
0.128665
0.988933
0.035135
0.000000
0.943893
0.584801
0.778231
0.000000
0.311199
0.000000
0.094879
0.000000
0.884252
0.468055
0.000000
0.250602
0.068801
0.000000
0.250453
0.053598
0.000000
0.000000
0.000000
0.000000
0.983612
0.000000
0.994124
