0.850696
0.975779
0.947993
0.937828
0.736048
0.569428
0.666308
0.902738
1.000000
0.621392
0.488633
0.365724
0.282121
0.177541
0.082337
0.048111
0.058150
0.072376
0.874974
0.819323
0.780957
0.669545
0.730823
0.893603
0.843190
0.621498
0.316051
0.882783
0.785313
0.978958
0.832290
0.730823
0.985813
0.606377
0.428453
0.316692
0.000000
0.000000
0.000000
0.000000
0.000000
0.000000
0.000000
0.000000
0.000000
0.000000
0.000000
0.000000
0.000000
0.000000
0.000000
0.000000
0.000000
0.000000
0.115604
0.157203
0.153822
0.157730
0.456343
0.913216
0.788202
0.867784
0.597065
0.866427
0.514386
0.478184
0.561077
0.456343
0.519062
0.631349
0.585091
0.491657
0.826776
0.891900
0.929375
0.972872
0.845985
0.604000
0.649859
0.930812
0.940063
0.955028
0.879234
0.781459
0.695968
0.638395
0.617947
0.591269
0.596778
0.705127
0.023365
0.028083
0.041479
0.099550
0.217099
0.289122
0.279202
0.280364
0.659980
0.926973
0.758907
0.856876
0.505968
0.412912
0.740178
0.684209
0.329560
0.185212
0.000000
0.000000
0.000000
0.000000
0.000000
0.000000
0.000000
0.000000
0.000000
0.000000
0.000000
0.000000
0.000000
0.000000
0.000000
0.000000
0.000000
0.000000
0.788388
0.553678
0.510211
0.640401
0.793650
0.563275
0.149939
0.146470
0.171239
0.103142
0.290448
0.528767
0.709411
0.605546
0.285635
0.217460
0.379946
0.656979
0.000000
0.000000
0.000000
0.000000
0.000000
0.000000
0.000000
0.000000
0.000000
0.000000
0.000000
0.000000
0.000000
0.000000
0.000000
0.000000
0.000000
0.000000
0.910395
0.781935
0.834781
0.973060
0.910821
0.502038
0.538300
0.711743
0.329049
0.532614
0.336682
0.344891
0.258095
0.515248
0.884924
0.779801
0.823465
0.944311
0.455601
0.458847
0.638538
0.991685
0.871854
0.932326
0.751328
0.590014
0.446997
0.703785
0.272384
0.109621
0.231935
0.457392
0.566512
0.584765
0.734506
0.916542
0.661903
0.499189
0.597301
0.589725
0.557571
0.934301
0.994812
0.711852
0.560832
0.662688
0.556778
0.630382
0.660188
0.996133
0.565760
0.392587
0.437082
0.579810
0.989268
0.927737
0.918323
0.684080
0.901913
0.654737
0.993404
0.677218
0.781548
0.867857
0.948938
0.862165
0.629715
0.720783
0.951109
0.898004
0.954323
0.840099
0.485949
0.617493
0.794605
0.731563
0.425781
0.268149
0.194461
0.366410
0.776073
0.797954
0.767537
0.314934
0.208447
0.224896
0.223293
0.252666
0.406598
0.403864
0.843813
0.888796
0.816882
0.801250
0.752074
0.911718
0.785266
0.354982
0.214584
0.619596
0.794436
0.871731
0.918484
0.503228
0.450135
0.479448
0.268305
0.311320
0.920790
0.850064
0.813784
0.880680
1.000000
0.850743
0.958220
0.456908
0.253400
0.113784
0.067842
0.038518
0.078417
0.245376
0.386859
0.412015
0.380417
0.555507
0.931214
0.822272
0.991249
0.523554
0.208097
0.109767
0.072656
0.091129
0.198730
0.384319
0.268169
0.391057
0.535082
0.602603
0.478067
0.284920
0.290623
0.434420
0.000000
0.000000
0.000000
0.000000
0.000000
0.000000
0.000000
0.000000
0.000000
0.000000
0.000000
0.000000
0.000000
0.000000
0.000000
0.000000
0.000000
0.000000
0.000000
0.000000
0.000000
0.000000
0.000000
0.000000
0.000000
0.000000
0.000000
0.000000
0.000000
0.000000
0.000000
0.000000
0.000000
0.000000
0.000000
0.000000
0.293029
0.260264
0.352808
0.603131
0.824548
0.815946
0.699814
0.649034
0.882501
0.324462
0.765198
0.877430
0.962870
0.986898
0.806381
0.584679
0.504243
0.383062
0.920158
0.878840
0.662360
0.677879
0.900809
0.783150
0.839584
0.891548
0.595172
0.325119
0.169186
0.290908
0.430429
0.358413
0.244827
0.345032
0.699363
0.946723
0.940827
0.853708
0.712995
0.605317
0.314130
0.253716
0.577788
0.813740
0.102614
0.125944
0.723784
0.688055
0.621613
0.790816
0.730461
0.614505
0.356556
0.359927
0.889999
0.878298
0.732636
0.563463
0.879135
0.422678
0.342782
0.298166
0.193545
0.026928
0.015387
0.133736
0.258732
0.168761
0.150608
0.135434
0.139338
0.182445
0.834911
0.733518
0.693238
0.747740
0.607536
0.512367
0.450060
0.244714
0.197424
0.835687
0.979528
0.700769
0.897523
0.703754
0.613723
0.610390
0.635262
0.645565
0.000000
0.000000
0.000000
0.000000
0.000000
0.000000
0.000000
0.000000
0.000000
0.000000
0.000000
0.000000
0.000000
0.000000
0.000000
0.000000
0.000000
0.000000
0.714099
0.782347
0.962872
0.989906
1.000000
0.639898
0.523475
0.689367
0.705704
0.324114
0.156434
0.447273
0.818126
0.944248
0.694921
0.935075
0.875174
0.807047
0.151707
0.555537
0.888097
0.748030
0.600099
0.539461
0.329245
0.639308
0.594232
0.057099
0.173178
0.140267
0.093369
0.123816
0.238847
0.503888
0.499910
0.220823
0.000000
0.000000
0.000000
0.000000
0.000000
0.000000
0.000000
0.000000
0.000000
0.000000
0.000000
0.000000
0.000000
0.000000
0.000000
0.000000
0.000000
0.000000
0.076192
0.118936
0.195230
0.102795
0.072988
0.110775
0.204965
0.372088
0.411476
0.910247
0.940707
0.902557
0.499279
0.275846
0.156246
0.209455
0.336803
0.239740
0.000000
0.000000
0.000000
0.000000
0.000000
0.000000
0.000000
0.000000
0.000000
0.000000
0.000000
0.000000
0.000000
0.000000
0.000000
0.000000
0.000000
0.000000
0.272375
0.398014
0.514431
0.450179
0.319291
0.280391
0.491623
0.585480
0.775189
0.253298
0.620838
0.637222
0.752360
0.797718
0.520541
0.765277
0.811697
0.877201
0.453829
0.295711
0.421373
0.570973
0.515240
0.498243
0.518939
0.674091
0.930348
0.170879
0.041810
0.127383
0.357820
0.466371
0.573962
0.780407
0.743484
0.750491
0.318738
0.235369
0.244601
0.239620
0.136281
0.075584
0.060629
0.060871
0.100097
0.849515
0.687932
0.671373
0.626925
0.508892
0.624527
0.967352
0.874570
0.995920
0.000000
0.000000
0.000000
0.000000
0.000000
0.000000
0.000000
0.000000
0.000000
0.000000
0.000000
0.000000
0.000000
0.000000
0.000000
0.000000
0.000000
0.000000
0.488972
0.533609
0.794832
0.967786
0.809481
0.765177
0.714817
0.567151
0.840767
0.668204
0.858831
0.980884
0.831619
0.601410
0.348793
0.265080
0.299498
0.315471
0.478806
0.332356
0.235660
0.216159
0.094049
0.043029
0.107604
0.507765
0.944571
0.944571
0.710413
0.570412
0.838622
0.798779
0.553717
0.660888
0.885807
0.889359
0.970610
0.733906
0.452434
0.221931
0.135230
0.168201
0.150436
0.121269
0.287611
0.800125
0.464851
0.579021
0.855724
0.826318
0.807012
0.628014
0.480177
0.373255
0.131505
0.065948
0.099770
0.166112
0.185324
0.364416
0.636133
0.591752
0.423778
0.979415
0.823179
0.935621
0.718217
0.318423
0.094395
0.022862
0.007701
0.025066
0.973201
0.898365
0.908248
0.947674
0.602319
0.482043
0.501240
0.437247
0.593161
0.057486
0.042000
0.065675
0.084053
0.248391
0.336779
0.331357
0.402092
0.610955
0.437471
0.564530
0.459336
0.442585
0.538935
0.503374
0.811398
0.955333
0.941997
0.512567
0.844579
0.930853
0.790360
0.471819
0.282388
0.439183
0.821636
0.943725
0.000000
0.000000
0.000000
0.000000
0.000000
0.000000
0.000000
0.000000
0.000000
0.000000
0.000000
0.000000
0.000000
0.000000
0.000000
0.000000
0.000000
0.000000
0.000000
0.000000
0.000000
0.000000
0.000000
0.000000
0.000000
0.000000
0.000000
0.000000
0.000000
0.000000
0.000000
0.000000
0.000000
0.000000
0.000000
0.000000
0.000000
0.000000
0.000000
0.000000
0.000000
0.000000
0.000000
0.000000
0.000000
0.000000
0.000000
0.000000
0.000000
0.000000
0.000000
0.000000
0.000000
0.000000
0.000000
0.000000
0.000000
0.000000
0.000000
0.000000
0.000000
0.000000
0.000000
0.000000
0.000000
0.000000
0.000000
0.000000
0.000000
0.000000
0.000000
0.000000
0.274992
0.124018
0.081159
0.021164
0.017438
0.037851
0.026919
0.029387
0.094661
0.436724
0.293299
0.168680
0.150289
0.189259
0.187781
0.208567
0.139325
0.066637
0.000000
0.000000
0.000000
0.000000
0.000000
0.000000
0.000000
0.000000
0.000000
0.000000
0.000000
0.000000
0.000000
0.000000
0.000000
0.000000
0.000000
0.000000
0.559147
0.500186
0.490793
0.652009
0.826098
0.870605
0.945767
0.660595
0.594469
0.094295
0.334043
0.891784
0.848028
0.703749
0.431111
0.545395
0.947811
0.627156
0.000000
0.000000
0.000000
0.000000
0.000000
0.000000
0.000000
0.000000
0.000000
0.000000
0.000000
0.000000
0.000000
0.000000
0.000000
0.000000
0.000000
0.000000
0.000000
0.000000
0.000000
0.000000
0.000000
0.000000
0.000000
0.000000
0.000000
0.000000
0.000000
0.000000
0.000000
0.000000
0.000000
0.000000
0.000000
0.000000
0.000000
0.000000
0.000000
0.000000
0.000000
0.000000
0.000000
0.000000
0.000000
0.000000
0.000000
0.000000
0.000000
0.000000
0.000000
0.000000
0.000000
0.000000
0.071437
0.170649
0.343352
0.446285
0.512969
0.616080
0.864484
0.413139
0.771231
0.799172
0.599859
0.272571
0.312641
0.482254
0.430100
0.377755
0.514262
0.662584
0.081607
0.076553
0.073268
0.054480
0.055021
0.108038
0.138885
0.186815
0.410903
0.356223
0.237561
0.178492
0.088078
0.221167
0.502069
0.515160
0.530923
0.445044
0.496577
0.639115
0.951975
0.830330
0.612373
0.580848
0.646175
0.608029
0.527573
0.514752
0.802011
0.750617
0.575747
0.343347
0.086487
0.051275
0.071973
0.068849
0.000000
0.000000
0.000000
0.000000
0.000000
0.000000
0.000000
0.000000
0.000000
0.000000
0.000000
0.000000
0.000000
0.000000
0.000000
0.000000
0.000000
0.000000
0.000000
0.000000
0.000000
0.000000
0.000000
0.000000
0.000000
0.000000
0.000000
0.000000
0.000000
0.000000
0.000000
0.000000
0.000000
0.000000
0.000000
0.000000
0.000000
0.000000
0.000000
0.000000
0.000000
0.000000
0.000000
0.000000
0.000000
0.000000
0.000000
0.000000
0.000000
0.000000
0.000000
0.000000
0.000000
0.000000
0.000000
0.000000
0.000000
0.000000
0.000000
0.000000
0.000000
0.000000
0.000000
0.000000
0.000000
0.000000
0.000000
0.000000
0.000000
0.000000
0.000000
0.000000
0.000000
0.000000
0.000000
0.000000
0.000000
0.000000
0.000000
0.000000
0.000000
0.000000
0.000000
0.000000
0.000000
0.000000
0.000000
0.000000
0.000000
0.000000
0.437632
0.326229
0.096667
0.025984
0.093255
0.519802
0.833597
0.939195
0.929811
0.735626
0.677912
0.797914
0.681363
0.902632
0.638932
0.509507
0.707468
0.773037
0.729701
0.886773
0.843389
0.744712
0.586572
0.664113
0.967213
0.926012
0.613198
0.290520
0.632945
0.861321
0.614458
0.408122
0.321824
0.228404
0.223895
0.246385
0.234930
0.206065
0.394154
0.606268
0.734759
0.624885
0.438456
0.530768
0.579302
0.817313
0.612294
0.238916
0.184469
0.163405
0.289748
0.691202
0.751915
0.629930
0.708615
0.804564
0.950132
0.772617
0.880505
0.825736
1.000000
0.802952
0.955044
0.083847
0.004791
0.002284
0.002921
0.007207
0.011883
0.004888
0.006120
0.022412
0.000000
0.000000
0.000000
0.000000
0.000000
0.000000
0.000000
0.000000
0.000000
0.000000
0.000000
0.000000
0.000000
0.000000
0.000000
0.000000
0.000000
0.000000
0.141285
0.089176
0.120561
0.152506
0.117576
0.073904
0.070562
0.120397
0.228972
0.960022
0.742922
0.863546
0.989923
0.942281
0.789467
0.649727
0.819142
0.776665
0.000000
0.000000
0.000000
0.000000
0.000000
0.000000
0.000000
0.000000
0.000000
0.000000
0.000000
0.000000
0.000000
0.000000
0.000000
0.000000
0.000000
0.000000
0.000000
0.000000
0.000000
0.000000
0.000000
0.000000
0.000000
0.000000
0.000000
0.000000
0.000000
0.000000
0.000000
0.000000
0.000000
0.000000
0.000000
0.000000
0.202584
0.208711
0.125399
0.081664
0.079902
0.123400
0.325924
0.556298
0.556006
0.891921
0.628561
0.738226
0.643940
0.393669
0.507776
0.734489
0.627460
0.605658
0.294240
0.282379
0.371332
0.638547
0.928656
0.878961
0.791568
0.608815
0.591119
0.420345
0.466075
0.456408
0.464795
0.795131
0.833223
0.692960
0.687497
0.667218
0.417027
0.449648
0.439282
0.608038
0.874442
0.348225
0.155122
0.142900
0.219836
0.199585
0.430178
0.950281
0.620340
0.462754
0.573215
0.481557
0.356736
0.473433
0.000000
0.000000
0.000000
0.000000
0.000000
0.000000
0.000000
0.000000
0.000000
0.000000
0.000000
0.000000
0.000000
0.000000
0.000000
0.000000
0.000000
0.000000
0.628483
0.439719
0.480679
0.595589
0.385878
0.178478
0.358388
0.717833
0.906579
0.113130
0.171819
0.161654
0.094775
0.103119
0.111326
0.141537
0.233329
0.337942
0.765188
0.996097
0.709093
0.575610
0.626775
0.631389
0.329875
0.430957
0.894494
0.954675
0.895570
0.986480
0.478376
0.258298
0.457722
0.478096
0.381235
0.642580
0.000000
0.000000
0.000000
0.000000
0.000000
0.000000
0.000000
0.000000
0.000000
0.000000
0.000000
0.000000
0.000000
0.000000
0.000000
0.000000
0.000000
0.000000
0.061946
0.051519
0.049724
0.067806
0.074554
0.062123
0.119013
0.479326
0.986232
0.097590
0.086589
0.136363
0.111502
0.102334
0.095913
0.101658
0.128665
0.104391
0.365178
0.294985
0.263791
0.181449
0.251771
0.416681
0.354985
0.840226
0.259256
0.957157
0.466075
0.913906
0.489965
0.430746
0.532884
0.946543
0.988933
0.824703
0.682950
0.537899
0.551871
0.509974
0.434286
0.534366
0.878857
0.602460
0.399775
0.388648
0.398132
0.324015
0.170211
0.104397
0.067017
0.035569
0.035135
0.059213
0.000000
0.000000
0.000000
0.000000
0.000000
0.000000
0.000000
0.000000
0.000000
0.000000
0.000000
0.000000
0.000000
0.000000
0.000000
0.000000
0.000000
0.000000
0.989451
0.876956
0.612505
0.383679
0.322010
0.628243
0.845366
0.850217
0.643100
0.567054
0.776975
0.990274
0.804713
0.949289
0.798903
0.705441
0.943893
0.921010
0.389630
0.402148
0.699730
0.884049
0.762419
0.389367
0.216910
0.340016
0.493200
0.840278
0.815982
0.582460
0.609795
0.930407
0.812667
0.599287
0.584801
0.624983
0.633951
0.771042
0.979888
0.956289
0.813181
0.923367
0.935205
0.456161
0.203190
0.382890
0.776886
0.993513
0.858217
0.870039
0.886678
0.963807
0.778231
0.730919
0.000000
0.000000
0.000000
0.000000
0.000000
0.000000
0.000000
0.000000
0.000000
0.000000
0.000000
0.000000
0.000000
0.000000
0.000000
0.000000
0.000000
0.000000
0.856214
0.891319
0.862910
0.700377
0.568209
0.390405
0.469127
0.914128
0.900908
0.304305
0.208374
0.143818
0.258691
0.394853
0.414185
0.402338
0.311199
0.290524
0.000000
0.000000
0.000000
0.000000
0.000000
0.000000
0.000000
0.000000
0.000000
0.000000
0.000000
0.000000
0.000000
0.000000
0.000000
0.000000
0.000000
0.000000
0.960207
0.520033
0.256469
0.241355
0.296566
0.287946
0.407672
0.741461
0.464510
0.464510
0.761489
0.712874
0.788838
0.437067
0.143999
0.076939
0.094879
0.098526
0.000000
0.000000
0.000000
0.000000
0.000000
0.000000
0.000000
0.000000
0.000000
0.000000
0.000000
0.000000
0.000000
0.000000
0.000000
0.000000
0.000000
0.000000
0.924211
0.994950
0.875734
0.761854
0.676864
0.414858
0.392478
0.470401
0.220302
0.059077
0.197758
0.503651
0.860257
0.768625
0.673529
0.713506
0.884252
0.798211
0.054738
0.032479
0.066287
0.126552
0.132435
0.122328
0.215785
0.396340
0.173000
0.077202
0.522690
0.819242
0.759760
0.831397
0.872497
0.701104
0.468055
0.292147
0.000000
0.000000
0.000000
0.000000
0.000000
0.000000
0.000000
0.000000
0.000000
0.000000
0.000000
0.000000
0.000000
0.000000
0.000000
0.000000
0.000000
0.000000
0.488792
0.518673
0.578489
0.736313
0.799422
0.413672
0.568123
0.667289
0.385037
0.534951
0.418764
0.306443
0.240968
0.149346
0.280274
0.357869
0.250602
0.258144
0.304480
0.419084
0.430865
0.125942
0.054893
0.068921
0.199874
0.132811
0.007311
0.051652
0.196860
0.208251
0.420760
0.352795
0.100734
0.060866
0.068801
0.061653
0.000000
0.000000
0.000000
0.000000
0.000000
0.000000
0.000000
0.000000
0.000000
0.000000
0.000000
0.000000
0.000000
0.000000
0.000000
0.000000
0.000000
0.000000
0.267756
0.307313
0.232050
0.338791
0.411785
0.295108
0.553226
0.763627
0.962233
0.477536
0.529492
0.471531
0.641698
0.770287
0.971528
0.554533
0.250453
0.275265
0.341811
0.280233
0.452746
0.869362
0.935591
0.896715
0.751830
1.000000
1.000000
0.002979
0.000886
0.002953
0.010759
0.026719
0.023826
0.041389
0.053598
0.066138
0.000000
0.000000
0.000000
0.000000
0.000000
0.000000
0.000000
0.000000
0.000000
0.000000
0.000000
0.000000
0.000000
0.000000
0.000000
0.000000
0.000000
0.000000
0.000000
0.000000
0.000000
0.000000
0.000000
0.000000
0.000000
0.000000
0.000000
0.000000
0.000000
0.000000
0.000000
0.000000
0.000000
0.000000
0.000000
0.000000
0.000000
0.000000
0.000000
0.000000
0.000000
0.000000
0.000000
0.000000
0.000000
0.000000
0.000000
0.000000
0.000000
0.000000
0.000000
0.000000
0.000000
0.000000
0.000000
0.000000
0.000000
0.000000
0.000000
0.000000
0.000000
0.000000
0.000000
0.000000
0.000000
0.000000
0.000000
0.000000
0.000000
0.000000
0.000000
0.000000
0.142532
0.366095
0.401771
0.221203
0.137533
0.160548
0.264940
0.226459
0.254162
0.633124
0.214920
0.092173
0.179242
0.614365
0.898204
0.894677
0.983612
0.984606
0.000000
0.000000
0.000000
0.000000
0.000000
0.000000
0.000000
0.000000
0.000000
0.000000
0.000000
0.000000
0.000000
0.000000
0.000000
0.000000
0.000000
0.000000
0.830183
0.941288
0.704134
0.657816
0.332123
0.201392
0.298492
0.229276
0.242194
0.475770
0.668513
0.609863
0.293173
0.263898
0.344116
0.550301
0.994124
0.835581
