0.272602
0.907370
0.768670
0.173982
0.059134
0.165137
0.324657
0.072043
0.788893
0.102955
0.517140
0.828332
0.882449
0.934882
0.437992
0.991202
0.733284
0.303858
0.072997
0.784131
0.577829
0.362780
0.300675
0.289742
0.908661
0.022646
0.737056
0.075341
0.915798
0.464721
0.490471
0.288170
0.259074
0.217261
0.918772
0.386459
0.891908
0.209735
0.871288
0.784488
0.944003
0.606449
0.343039
0.845919
0.726251
0.551098
0.726251
0.483810
0.277427
0.353038
0.205032
0.991202
0.613152
0.665936
0.719200
0.150086
0.091114
0.297257
0.481976
0.514716
0.181132
0.805456
0.260711
0.808281
0.671399
0.907370
0.207758
0.549075
0.309042
0.112100
0.179948
0.835328
0.757857
0.067914
0.374021
0.588902
0.251407
0.676413
0.862600
0.556929
0.386676
0.944003
0.132073
0.284310
0.505601
0.686689
0.367960
0.772845
0.089195
0.086972
0.517280
0.567775
0.876714
0.761405
0.539513
0.671399
0.434449
0.136191
0.909851
0.129713
