0.006257
0.164529
0.629806
0.507971
0.388688
0.375618
0.810330
0.414500
0.712873
0.594726
0.748968
0.238000
0.136751
0.144290
0.821201
0.405409
0.186835
0.830547
0.906068
0.297412
0.549840
0.275713
0.120662
0.206949
0.799496
0.869731
0.220199
0.822757
0.033007
0.537895
0.863438
0.431867
0.118288
0.163922
0.186835
0.925109
0.039208
0.184178
0.781012
0.759605
0.426032
0.360717
0.292800
0.289145
0.196357
0.328074
0.942602
0.264422
0.004399
0.371322
0.764177
0.190873
0.686213
0.470294
0.260166
0.544515
0.871306
0.615668
0.233261
0.324133
0.452051
0.149867
0.804134
0.227047
0.793321
0.799496
0.127010
0.255957
0.726339
0.882343
0.422553
0.942602
0.464169
0.198443
0.661386
0.430697
0.718847
0.678874
0.279253
0.379944
0.305835
0.955342
0.808780
0.200545
0.246049
0.487682
0.729343
0.492713
0.190873
0.434215
0.038640
0.841481
0.282823
0.882343
0.729343
0.362823
0.799496
0.284619
0.934647
0.030159
