0.431913
0.390814
0.083533
0.916777
0.539513
0.472705
0.256233
0.100471
0.485356
0.390594
0.093964
0.197921
0.108294
0.596314
0.322758
0.357759
0.671399
0.615117
0.327463
0.064915
0.917029
0.004719
0.292136
0.785979
0.491420
0.089749
0.687989
0.324248
0.819977
0.063670
0.962141
0.563358
0.449176
0.108228
0.530759
0.322758
0.908125
0.667649
0.737714
0.122663
0.340400
0.146275
0.666176
0.341610
0.714807
0.389775
0.533716
0.549099
0.111703
0.898560
0.444798
0.291990
0.692343
0.488105
0.814179
0.157729
0.667649
0.044623
0.568060
0.170231
0.946796
0.719386
0.813178
0.907914
0.877045
0.348095
0.944841
0.477169
0.441888
0.603609
0.885113
0.055538
0.594206
0.976758
0.332653
0.911907
0.634141
0.044148
0.867718
0.214124
0.792035
0.089013
0.281546
0.828332
0.424900
0.357759
0.263581
0.258867
0.576488
0.912555
0.533212
0.784488
0.563358
0.002494
0.926759
0.105952
0.374883
0.185499
0.487195
0.919391
