0.854364
0.202244
0.294729
0.226010
0.015878
0.338524
0.131710
0.638387
0.201572
0.953732
0.009273
0.449289
0.783468
0.410026
0.181853
0.889746
0.871977
0.044031
0.173931
0.045082
0.010603
0.512799
0.132858
0.255434
0.159691
0.425193
0.020138
0.113960
0.989415
0.147247
0.219892
0.259842
0.352278
0.047417
0.023869
0.238891
0.398056
0.673385
0.117526
0.590281
0.003616
0.067311
0.716367
0.391534
0.780692
0.714512
0.775774
0.640057
0.301297
0.789001
0.968409
0.147976
0.065340
0.770358
0.021024
0.869347
0.822537
0.025112
0.326763
0.206806
0.679121
0.209274
0.571350
0.708060
0.448115
0.078121
0.114823
0.057957
0.388988
0.990905
0.221546
0.178424
0.781357
0.432596
0.619547
0.559433
0.495491
0.859305
0.747759
0.473780
0.933228
0.948890
0.678836
0.561588
0.402134
0.376864
0.059103
0.550165
0.721476
0.447059
0.916113
0.207165
0.553963
0.380808
0.970250
0.826007
0.576997
0.276723
0.101050
0.813847
