0.605036
0.541216
0.441550
0.714347
0.469130
0.948739
0.679783
0.272450
0.376498
0.541944
0.581846
0.829777
0.411798
0.576614
0.908844
0.003586
0.150061
0.083407
0.429755
0.696020
0.976399
0.021438
0.577482
0.358587
0.087080
0.127020
0.700898
0.105442
0.341767
0.839955
0.906899
0.824909
0.604878
0.520464
0.824727
0.397118
0.831552
0.867390
0.097292
0.999278
0.213254
0.468514
0.791178
0.429825
0.438383
0.963981
0.403819
0.778661
0.894656
0.166932
0.345508
0.087735
0.846064
0.931889
0.785046
0.683633
0.008298
0.139095
0.288411
0.338779
0.286766
0.257901
0.118187
0.430943
0.623612
0.025593
0.568431
0.679121
0.881370
0.845273
0.015691
0.932753
0.169168
0.822724
0.132117
0.096758
0.056714
0.118528
0.618891
0.044279
0.638373
0.030624
0.845750
0.787804
0.171097
0.247926
0.577837
0.492243
0.135272
0.012046
0.062550
0.783415
0.681578
0.051002
0.957055
0.742898
0.166178
0.639350
0.298809
0.058282
