0.031044
0.840006
0.526611
0.818546
0.308390
0.034023
0.243844
0.414088
0.594557
0.811422
0.479815
0.152271
0.035602
0.594557
0.044465
0.312769
0.600927
0.266839
0.797221
0.883269
0.497093
0.243844
0.358795
0.755036
0.633231
0.769024
0.811422
0.287107
0.408863
0.247577
0.639779
0.229310
0.672934
0.941477
0.652959
0.255161
0.919596
0.102376
0.093089
0.755036
0.468480
0.468480
0.408863
0.854380
0.948782
0.520637
0.514698
0.734207
0.502925
0.388356
0.330691
0.215403
0.100462
0.613759
0.491297
0.344560
0.098577
0.783087
0.087849
0.393423
0.127679
0.414088
0.575633
0.129989
0.144542
0.594557
0.430001
0.403676
0.321648
0.607328
0.897775
0.435383
0.398530
0.883269
0.266839
0.720427
0.031767
0.025753
0.240151
0.142033
0.304052
0.192547
0.926884
0.011024
0.514698
0.720427
0.034805
0.544742
0.607328
0.948782
0.017036
0.349265
0.804313
0.378341
0.594557
0.430001
0.686381
0.926884
0.797221
0.262906
