0.035428
0.975026
0.518402
0.207877
0.995147
0.402458
0.063277
0.113202
0.554947
0.004312
0.601867
0.673656
0.345223
0.547930
0.682342
0.797240
0.823317
0.577886
0.521882
0.030614
0.218267
0.461367
0.700497
0.333503
0.124377
0.002000
0.818197
0.956217
0.759242
0.830557
0.791573
0.924867
0.794889
0.174865
0.750101
0.965757
0.854046
0.026321
0.484720
0.968736
0.008263
0.638714
0.573191
0.119711
0.629320
0.732493
0.562262
0.028248
0.044674
0.583539
0.652567
0.008164
0.631659
0.371063
0.839920
0.567862
0.529880
0.976799
0.749280
0.283389
0.959311
0.291587
0.081076
0.241996
0.683156
0.622383
0.349155
0.669078
0.532423
0.738022
0.182766
0.657710
0.143895
0.517877
0.822636
0.353994
0.687529
0.480799
0.135313
0.347703
0.865133
0.606227
0.987411
0.184828
0.805377
0.919016
0.030937
0.670526
0.086050
0.032315
0.640269
0.141692
0.610603
0.507737
0.436276
0.633676
0.701192
0.099486
0.353499
0.133624
