0.864691
0.478367
0.175110
0.843706
0.851447
0.304414
0.700722
0.712672
0.868317
0.292804
0.520661
0.206915
0.165044
0.401636
0.809975
0.569345
0.854346
0.959208
0.024491
0.690013
0.614679
0.759746
0.610425
0.382038
0.552074
0.253539
0.836121
0.496601
0.430537
0.939110
0.470774
0.956547
0.636949
0.338534
0.429404
0.476735
0.277190
0.096574
0.092305
0.989629
0.000172
0.073660
0.043217
0.681869
0.803055
0.813143
0.235987
0.847546
0.317622
0.049047
0.561095
0.328180
0.036513
0.881169
0.664824
0.526663
0.825225
0.628294
0.852319
0.571441
0.174363
0.141068
0.609125
0.922548
0.560516
0.298366
0.395821
0.409101
0.273518
0.126521
0.155515
0.101351
0.939556
0.089693
0.690956
0.502821
0.632561
0.457792
0.861591
0.589692
0.149097
0.967207
0.202843
0.151542
0.310217
0.637780
0.594393
0.619175
0.914993
0.549653
0.695196
0.647033
0.062711
0.707291
0.161016
0.915598
0.731156
0.677021
0.889532
0.078630
