0.711854
0.097895
0.726293
0.152206
0.195419
0.660082
0.327399
0.481311
0.957287
0.550344
0.021740
0.085094
0.136197
0.417053
0.126968
0.398574
0.608417
0.315252
0.146870
0.358978
0.317537
0.749987
0.085438
0.397393
0.509747
0.239062
0.447414
0.144171
0.990943
0.020362
0.018626
0.038991
0.370722
0.742670
0.765042
0.220556
0.454920
0.383672
0.629835
0.373271
0.197063
0.322142
0.230395
0.589105
0.242307
0.743358
0.073009
0.981069
0.437370
0.810504
0.015787
0.327746
0.260438
0.802841
0.016820
0.520548
0.063213
0.791935
0.109299
0.190384
0.347120
0.934750
0.229929
0.823265
0.872085
0.397983
0.043109
0.450789
0.916276
0.982120
0.191015
0.053395
0.610070
0.439035
0.137151
0.435812
0.586524
0.157461
0.074875
0.520661
0.689187
0.054973
0.578562
0.356769
0.566669
0.923558
0.356127
0.685530
0.080244
0.164790
0.334999
0.284017
0.448572
0.105639
0.523376
0.487994
0.645372
0.291925
0.246781
0.289139
