0.900009
0.127702
0.826972
0.041105
0.053791
0.415941
0.240508
0.750556
0.757371
0.279117
0.531780
0.955370
0.142141
0.993898
0.811244
0.606764
0.715474
0.312895
0.669801
0.733466
0.704595
0.697902
0.831569
0.848134
0.908904
0.384153
0.461956
0.449733
0.011766
0.638135
0.115145
0.186974
0.820985
0.980082
0.515361
0.899517
0.807323
0.769191
0.474671
0.233886
0.663995
0.065255
0.503044
0.225893
0.437266
0.050417
0.602164
0.892174
0.913011
0.248688
0.557157
0.392005
0.680332
0.670393
0.698725
0.004085
0.329223
0.207774
0.422336
0.004373
0.328266
0.179375
0.633629
0.102864
0.559241
0.817653
0.523149
0.668142
0.010261
0.226814
0.507844
0.945320
0.274967
0.846368
0.414023
0.797032
0.530869
0.388406
0.886774
0.003607
0.572724
0.618110
0.364447
0.978681
0.997803
0.059157
0.505609
0.567715
0.251461
0.873270
0.848427
0.305982
0.761326
0.862440
0.417357
0.391323
0.949510
0.165197
0.670630
0.734043
