0.423663
0.470234
0.447098
0.328180
0.340400
0.988076
0.764480
0.720834
0.375925
0.897206
0.142905
0.278731
0.801017
0.334735
0.407702
0.614088
0.790301
0.845187
0.252463
0.175484
0.284957
0.353929
0.653796
0.003460
0.214624
0.844398
0.950600
0.930232
0.510980
0.407302
0.097830
0.479674
0.159823
0.181952
0.090930
0.796275
0.862816
0.940254
0.283313
0.514012
0.432292
0.560748
0.773211
0.229463
0.840030
0.149518
0.425606
0.796816
0.829837
0.727452
0.191820
0.842418
0.516149
0.670038
0.526890
0.568763
0.413922
0.182394
0.563764
0.361104
0.576809
0.765828
0.827075
0.128893
0.335881
0.386663
0.772096
0.524848
0.492399
0.624384
0.681632
0.750214
0.498597
0.740260
0.064182
0.982338
0.032830
0.034720
0.563300
0.119129
0.949452
0.100817
0.371193
0.875536
0.839131
0.719321
0.462598
0.988269
0.210058
0.135464
0.114363
0.179266
0.430744
0.933015
0.806791
0.936330
0.345859
0.960828
0.122520
0.191647
