0.854924
0.936722
0.182560
0.885210
0.235307
0.043248
0.666247
0.962704
0.391323
0.282610
0.885558
0.842517
0.480219
0.914917
0.321628
0.666010
0.572840
0.212238
0.002466
0.733235
0.083280
0.520435
0.025709
0.806471
0.292724
0.801554
0.708813
0.886341
0.523489
0.412513
0.601457
0.684822
0.209501
0.312140
0.555770
0.164587
0.378974
0.643711
0.569228
0.576225
0.583242
0.088442
0.447624
0.716291
0.855788
0.796275
0.525302
0.446257
0.977870
0.603225
0.295213
0.343704
0.269280
0.940759
0.553921
0.424276
0.392884
0.399955
0.524848
0.146409
0.912089
0.264348
0.580316
0.741753
0.168172
0.645491
0.322227
0.765267
0.774880
0.879036
0.549768
0.847938
0.104261
0.904224
0.494387
0.441017
0.415638
0.334120
0.286372
0.428684
0.397294
0.019663
0.378878
0.275196
0.166320
0.169624
0.681750
0.653559
0.159033
0.079084
0.153303
0.869425
0.542984
0.492841
0.447835
0.049921
0.444576
0.711504
0.195888
0.169260
