0.189470
0.606056
0.444262
0.726873
0.478693
0.500929
0.063279
0.197830
0.213554
0.381846
0.069473
0.517276
0.831365
0.536229
0.803483
0.026785
0.346399
0.560284
0.220685
0.994517
0.469586
0.433739
0.898034
0.135722
0.044231
0.446362
0.545855
0.192051
0.274280
0.188275
0.357413
0.587462
0.223667
0.494498
0.049342
0.470018
0.543213
0.719204
0.645016
0.830245
0.402329
0.354844
0.020021
0.230462
0.059778
0.130968
0.286609
0.901396
0.755785
0.484592
0.992790
0.452693
0.600985
0.603697
0.653203
0.040855
0.802198
0.310968
0.667432
0.719088
0.677849
0.696020
0.723740
0.296100
0.042270
0.478040
0.439869
0.521452
0.686828
0.208698
0.762116
0.439348
0.989020
0.651779
0.829735
0.169520
0.714541
0.714658
0.906935
0.359809
0.403122
0.296342
0.200204
0.527912
0.654626
0.415638
0.251461
0.217223
0.994099
0.373555
0.751126
0.301788
0.718738
0.663758
0.871536
0.488104
0.835012
0.534972
0.627109
0.335616
