0.702835
0.160568
0.782628
0.146225
0.469047
0.323601
0.450366
0.614325
0.976894
0.110663
0.854924
0.700605
0.236804
0.905584
0.140047
0.443214
0.962068
0.876977
0.930232
0.855212
0.841226
0.946399
0.102055
0.410103
0.875626
0.031620
0.159873
0.467323
0.907567
0.016935
0.331490
0.403023
0.237828
0.776990
0.622608
0.082303
0.914233
0.634340
0.600160
0.332102
0.549077
0.845975
0.758163
0.853093
0.327139
0.964479
0.660912
0.855020
0.642525
0.634103
0.694843
0.320090
0.546315
0.051586
0.451211
0.337736
0.265091
0.106404
0.599218
0.260952
0.419182
0.871170
0.024409
0.779095
0.633510
0.557620
0.876438
0.248829
0.048495
0.468077
0.214372
0.711270
0.556579
0.541264
0.519871
0.468939
0.786255
0.823161
0.019894
0.405807
0.492509
0.493614
0.160369
0.279968
0.679505
0.312476
0.497044
0.184226
0.133497
0.364633
0.176773
0.025482
0.469910
0.030484
0.332978
0.160518
0.040143
0.031840
0.585938
0.425196
