0.562255
0.458218
0.287003
0.332453
0.882493
0.804872
0.600278
0.910775
0.166422
0.019686
0.369405
0.184896
0.839630
0.933819
0.888243
0.734043
0.317537
0.660794
0.535543
0.313147
0.659252
0.526323
0.156146
0.683404
0.530072
0.470882
0.505274
0.868132
0.945018
0.189755
0.642762
0.700487
0.276422
0.772319
0.759520
0.018279
0.077781
0.204658
0.566552
0.438098
0.568181
0.914081
0.053677
0.826254
0.980645
0.086972
0.748960
0.280588
0.557042
0.056970
0.612315
0.446467
0.757597
0.909139
0.824297
0.884074
0.918443
0.438723
0.448678
0.536114
0.421521
0.648813
0.835214
0.973453
0.636949
0.984285
0.508516
0.603343
0.055476
0.573074
0.664824
0.552882
0.818384
0.558662
0.094638
0.100984
0.632443
0.775991
0.368842
0.262646
0.631376
0.968853
0.178395
0.541493
0.675602
0.167450
0.254115
0.468831
0.613024
0.966617
0.918369
0.167914
0.444996
0.044326
0.844694
0.793240
0.836423
0.513562
0.515361
0.616099
