0.943310
0.707057
0.674182
0.422234
0.120600
0.159724
0.896292
0.874722
0.915447
0.569578
0.896708
0.017168
0.618701
0.557736
0.728611
0.279968
0.274356
0.424276
0.923198
0.288980
0.993335
0.898199
0.546200
0.601457
0.533717
0.946994
0.932004
0.970108
0.550575
0.960928
0.540003
0.444681
0.667195
0.948172
0.175003
0.425401
0.490304
0.466247
0.515024
0.633747
0.370440
0.803483
0.991673
0.979132
0.894956
0.088116
0.846761
0.909530
0.370440
0.461421
0.602517
0.621779
0.312979
0.613497
0.382038
0.327833
0.641931
0.522131
0.304250
0.439244
0.958280
0.564345
0.276729
0.945199
0.487115
0.393372
0.291925
0.666958
0.362866
0.256427
0.741867
0.115183
0.381942
0.451740
0.134520
0.942322
0.184896
0.183280
0.903259
0.360548
0.812722
0.944776
0.901478
0.108551
0.465817
0.481966
0.082637
0.233886
0.874903
0.152634
0.705416
0.387825
0.716874
0.597687
0.301706
0.718855
0.267254
0.204052
0.346489
0.281131
