0.843706
0.522923
0.007497
0.134734
0.841026
0.023730
0.909530
0.986929
0.556001
0.337471
0.100055
0.670275
0.596981
0.502376
0.398574
0.552189
0.292724
0.509299
0.821608
0.305156
0.757824
0.443214
0.420198
0.487335
0.865904
0.638373
0.747248
0.810399
0.407901
0.722578
0.476409
0.213491
0.841226
0.280355
0.554845
0.175324
0.950314
0.377733
0.598629
0.926969
0.540805
0.645372
0.321029
0.432912
0.118514
0.597923
0.431775
0.179484
0.987159
0.454602
0.487335
0.347662
0.080081
0.445101
0.684822
0.854635
0.351286
0.182505
0.392884
0.799297
0.599925
0.124707
0.830857
0.806258
0.702014
0.090809
0.416244
0.535657
0.701779
0.795518
0.215636
0.651067
0.394938
0.927670
0.535087
0.362494
0.057050
0.128769
0.098057
0.811139
0.801447
0.827793
0.979269
0.823471
0.675010
0.127661
0.750442
0.332015
0.559125
0.668498
0.461635
0.828509
0.162215
0.672169
0.631139
0.011365
0.145538
0.307886
0.564925
0.694019
