0.288030
0.982276
0.108232
0.010892
0.345679
0.091845
0.126561
0.278885
0.736349
0.429816
0.862816
0.521792
0.598158
0.300807
0.852609
0.875717
0.485030
0.565274
0.790192
0.313483
0.156048
0.728495
0.981231
0.702835
0.794217
0.069832
0.385503
0.737155
0.375925
0.419284
0.783178
0.749417
0.685648
0.709164
0.707057
0.015763
0.551382
0.222367
0.122638
0.594510
0.700957
0.819218
0.839930
0.762904
0.174843
0.909295
0.173619
0.556695
0.586289
0.396705
0.714074
0.067729
0.584883
0.881080
0.348023
0.592276
0.352105
0.172349
0.145858
0.113105
0.597569
0.878769
0.838731
0.799297
0.120990
0.794000
0.358149
0.007911
0.705650
0.067497
0.501041
0.424276
0.266805
0.986903
0.762792
0.796491
0.607472
0.661742
0.152492
0.740260
0.442376
0.148305
0.043418
0.086130
0.352196
0.100352
0.730231
0.490635
0.854731
0.315337
0.934219
0.665654
0.968014
0.843508
0.789428
0.299097
0.547810
0.448256
0.120873
0.544706
