0.868410
0.986117
0.030418
0.866927
0.210120
0.253252
0.598040
0.891750
0.918369
0.868502
0.421928
0.206181
0.906618
0.158688
0.008208
0.382326
0.591336
0.992998
0.603579
0.911240
0.313231
0.385310
0.524848
0.444052
0.408201
0.762904
0.767287
0.046326
0.684349
0.373176
0.639559
0.305899
0.779758
0.549768
0.004039
0.829939
0.055983
0.855884
0.810822
0.001571
0.798650
0.697666
0.729884
0.425094
0.783619
0.241199
0.542754
0.416143
0.121812
0.612197
0.863661
0.333154
0.735312
0.844398
0.684113
0.163473
0.247768
0.859034
0.813985
0.261908
0.034432
0.882669
0.436020
0.308967
0.581135
0.498486
0.780200
0.600514
0.771203
0.354935
0.166833
0.615980
0.942135
0.025785
0.286294
0.326274
0.218244
0.319067
0.194252
0.672880
0.718622
0.030229
0.594040
0.688834
0.819946
0.933284
0.051495
0.699782
0.852512
0.804979
0.169884
0.043063
0.638135
0.870161
0.407602
0.129058
0.914841
0.418878
0.012023
0.938276
