0.203446
0.215129
0.436227
0.414124
0.632561
0.208944
0.091356
0.704478
0.912012
0.045737
0.054398
0.595804
0.455239
0.899188
0.141113
0.580433
0.180468
0.310467
0.309300
0.984053
0.679978
0.897040
0.060953
0.487554
0.478584
0.817026
0.840130
0.426016
0.399462
0.678914
0.916351
0.166371
0.837026
0.359717
0.966343
0.608889
0.329571
0.719321
0.304085
0.512102
0.773767
0.255847
0.745876
0.374028
0.889532
0.073233
0.003641
0.343435
0.224647
0.532463
0.228467
0.832888
0.929268
0.291366
0.245236
0.311387
0.352105
0.379356
0.200801
0.429404
0.231398
0.892429
0.327486
0.009955
0.224582
0.871445
0.773545
0.437994
0.050151
0.386953
0.503713
0.474346
0.235647
0.910154
0.859414
0.911085
0.177853
0.640864
0.390738
0.595569
0.668616
0.904064
0.408701
0.726293
0.296907
0.529276
0.312560
0.741064
0.616335
0.409302
0.901152
0.638966
0.898777
0.887898
0.447414
0.566785
0.480656
0.683286
0.003687
0.980744
