0.385793
0.627583
0.946935
0.749987
0.601692
0.688952
0.463885
0.427144
0.155225
0.387728
0.053809
0.169937
0.007067
0.686238
0.483826
0.278422
0.920216
0.543672
0.899681
0.486895
0.799620
0.883636
0.569927
0.505944
0.438410
0.995626
0.918518
0.533603
0.707759
0.356677
0.839231
0.230997
0.626754
0.128728
0.244047
0.651067
0.089244
0.819842
0.081805
0.005327
0.749759
0.300562
0.529049
0.249467
0.741523
0.270636
0.517050
0.669209
0.317283
0.980414
0.821193
0.437162
0.309217
0.417560
0.898199
0.466570
0.060847
0.868040
0.832584
0.195946
0.172560
0.622016
0.808704
0.307555
0.691309
0.083815
0.690602
0.103305
0.448045
0.093481
0.012683
0.405508
0.599571
0.114103
0.175752
0.302935
0.964715
0.451740
0.473046
0.299666
0.961871
0.107174
0.519758
0.676785
0.205753
0.674655
0.341648
0.904945
0.890131
0.959870
0.765154
0.463027
0.805939
0.479129
0.652610
0.534288
0.698254
0.502042
0.302197
0.327659
