0.601221
0.565855
0.087616
0.881699
0.955317
0.096127
0.492178
0.207160
0.509411
0.942135
0.595569
0.768184
0.975171
0.711153
0.093543
0.232673
0.478258
0.406006
0.132438
0.009293
0.355210
0.593922
0.859889
0.035087
0.193845
0.878501
0.056970
0.316690
0.792805
0.481857
0.097378
0.565739
0.814510
0.040987
0.836222
0.950200
0.024292
0.004487
0.985956
0.905425
0.033251
0.614443
0.511765
0.389669
0.651423
0.434775
0.666484
0.778431
0.255341
0.700017
0.483169
0.587580
0.603225
0.169364
0.825122
0.648338
0.647508
0.754196
0.324978
0.100518
0.815979
0.158049
0.725365
0.849599
0.561675
0.116309
0.042194
0.113400
0.011040
0.780200
0.776879
0.780974
0.739226
0.879215
0.811667
0.342362
0.809975
0.501708
0.554152
0.807748
0.577042
0.997716
0.168586
0.066413
0.538630
0.752605
0.744160
0.264942
0.686946
0.691074
0.945681
0.781966
0.171717
0.878143
0.584531
0.605820
0.296665
0.074900
0.341737
0.683523
