0.890644
0.571791
0.708345
0.671459
0.547695
0.943433
0.048495
0.346489
0.702249
0.748047
0.342273
0.687300
0.352743
0.181017
0.331752
0.202963
0.254980
0.529617
0.700487
0.061101
0.670985
0.320431
0.461207
0.753628
0.783178
0.779537
0.184115
0.796816
0.376401
0.800910
0.399955
0.680450
0.814825
0.654864
0.187256
0.551728
0.210120
0.667313
0.956547
0.831365
0.080816
0.014348
0.483935
0.618228
0.297393
0.997047
0.706002
0.298690
0.623200
0.055768
0.793349
0.292884
0.758390
0.463456
0.911781
0.844398
0.605820
0.007649
0.970492
0.551612
0.404612
0.121107
0.618110
0.915975
0.248192
0.375735
0.970956
0.517501
0.912166
0.303181
0.603107
0.800588
0.217351
0.645016
0.850572
0.792371
0.645728
0.759633
0.029496
0.217351
0.674063
0.223537
0.760649
0.664824
0.826562
0.746219
0.204719
0.883373
0.432808
0.978681
0.070096
0.900989
0.525642
0.072710
0.572374
0.503713
0.548156
0.276038
0.542869
0.533603
