0.360826
0.367529
0.378974
0.551612
0.718389
0.670156
0.436539
0.476626
0.343167
0.072388
0.760537
0.243838
0.412513
0.927250
0.987610
0.981584
0.247486
0.566785
0.428068
0.183836
0.434360
0.919553
0.474780
0.097088
0.501152
0.825739
0.370534
0.965651
0.424174
0.815245
0.645847
0.690720
0.670867
0.602164
0.089993
0.534516
0.579263
0.433015
0.761778
0.714658
0.284017
0.450894
0.406803
0.433946
0.181401
0.883285
0.732889
0.875626
0.907409
0.177637
0.109620
0.149471
0.833699
0.238170
0.281442
0.409802
0.241683
0.792371
0.188332
0.441749
0.515699
0.246359
0.782738
0.861214
0.170982
0.663046
0.837929
0.449310
0.693312
0.032830
0.392591
0.908826
0.380312
0.222561
0.868317
0.303838
0.572141
0.124067
0.136024
0.929682
0.794651
0.734274
0.113511
0.931393
0.147841
0.929475
0.115033
0.930437
0.087969
0.205936
0.388116
0.542525
0.705299
0.293686
0.654982
0.870161
0.989338
0.826664
0.963478
0.857701
