0.990882
0.615271
0.106509
0.134093
0.170354
0.769750
0.037624
0.132861
0.771873
0.815874
0.422030
0.804979
0.009160
0.701192
0.026160
0.579263
0.220233
0.164029
0.962655
0.622845
0.822230
0.876077
0.770645
0.321371
0.407202
0.116762
0.236463
0.982983
0.657829
0.822851
0.701779
0.024866
0.357504
0.400548
0.330791
0.863286
0.715124
0.682696
0.511653
0.280743
0.889446
0.233279
0.730347
0.592394
0.902370
0.247486
0.728147
0.912551
0.776990
0.758955
0.841325
0.378115
0.396901
0.275885
0.337736
0.209501
0.441331
0.663521
0.875265
0.314831
0.804552
0.976820
0.802198
0.377162
0.801876
0.404911
0.287082
0.423969
0.490525
0.240991
0.956175
0.222691
0.474021
0.064027
0.057651
0.198955
0.408001
0.168897
0.205388
0.195712
0.939937
0.831162
0.153877
0.711971
0.035897
0.601692
0.067219
0.922910
0.076576
0.991323
0.827793
0.167295
0.343704
0.244187
0.700487
0.183892
0.669919
0.973850
0.234427
0.326966
