0.216714
0.801447
0.417864
0.652728
0.921313
0.188900
0.562719
0.823368
0.703070
0.327226
0.625806
0.674418
0.911163
0.663876
0.273061
0.862534
0.101954
0.562023
0.883460
0.448678
0.016820
0.911085
0.855884
0.268453
0.824504
0.148351
0.977727
0.047778
0.811667
0.008176
0.332803
0.590514
0.609716
0.700135
0.291845
0.086622
0.048016
0.192108
0.100884
0.015094
0.449416
0.790410
0.005623
0.024157
0.469155
0.373649
0.390057
0.566552
0.945621
0.192859
0.553459
0.629242
0.309133
0.194136
0.228798
0.514124
0.148910
0.570975
0.321029
0.080489
0.886427
0.035833
0.141738
0.273518
0.508739
0.686474
0.795734
0.171927
0.989495
0.306312
0.554383
0.717224
0.784938
0.694019
0.715941
0.228665
0.761665
0.975056
0.011568
0.231867
0.303592
0.407901
0.372231
0.068620
0.229929
0.718389
0.433015
0.238444
0.009406
0.569694
0.296665
0.572024
0.690838
0.412714
0.002760
0.031677
0.254835
0.137238
0.854635
0.261908
