0.472396
0.056911
0.403917
0.955046
0.572257
0.505051
0.863755
0.201880
0.816084
0.202060
0.054169
0.851058
0.172983
0.353472
0.559821
0.707993
0.956388
0.133582
0.656050
0.013104
0.927530
0.849208
0.537600
0.992107
0.593569
0.032675
0.441958
0.905345
0.647389
0.234021
0.270561
0.253539
0.086710
0.225367
0.276268
0.712906
0.480438
0.143220
0.697314
0.242238
0.235240
0.101184
0.249610
0.266357
0.255196
0.995967
0.082832
0.033094
0.516712
0.848329
0.953902
0.016102
0.660794
0.801554
0.283391
0.277728
0.577393
0.532235
0.932544
0.069354
0.918518
0.324289
0.714891
0.519306
0.372703
0.479674
0.981102
0.460993
0.443528
0.179702
0.743472
0.149658
0.422336
0.202903
0.163524
0.036698
0.935937
0.555770
0.874179
0.151117
0.355943
0.568763
0.295454
0.011762
0.565042
0.159626
0.801983
0.836926
0.773099
0.134648
0.462277
0.437058
0.455876
0.584062
0.580550
0.478802
0.440809
0.252606
0.736464
0.605820
