0.918221
0.361196
0.168223
0.251533
0.368373
0.600396
0.264200
0.418878
0.946399
0.328788
0.677613
0.852416
0.844595
0.238376
0.648457
0.498264
0.063784
0.678559
0.969980
0.263681
0.236259
0.783288
0.862534
0.987511
0.879571
0.444891
0.206059
0.395134
0.718506
0.179811
0.276959
0.286372
0.208328
0.672524
0.443004
0.778763
0.129554
0.528821
0.031138
0.583242
0.076186
0.287398
0.279426
0.656880
0.209315
0.715591
0.006046
0.992199
0.132523
0.444576
0.201400
0.529845
0.656287
0.925982
0.934485
0.759633
0.450894
0.317113
0.480874
0.647152
0.051314
0.464636
0.320004
0.179375
0.792697
0.539774
0.886514
0.561791
0.458858
0.257443
0.332803
0.631969
0.929130
0.417256
0.449838
0.831975
0.417053
0.544361
0.742211
0.116083
0.905105
0.022067
0.172138
0.990215
0.539431
0.801876
0.991044
0.149097
0.849111
0.491627
0.390836
0.999947
0.007964
0.391420
0.911395
0.662335
0.868040
0.608299
0.032272
0.020278
