0.147702
0.324289
0.630783
0.533147
0.672051
0.674773
0.541378
0.482185
0.361938
0.855980
0.636119
0.897206
0.021202
0.589457
0.026667
0.440600
0.592512
0.910775
0.466462
0.532919
0.539202
0.176881
0.525982
0.078072
0.894200
0.823781
0.013579
0.129969
0.352196
0.576809
0.983671
0.434982
0.158245
0.672406
0.318556
0.977583
0.722462
0.319919
0.336763
0.870069
0.348927
0.331053
0.275273
0.688244
0.648694
0.797356
0.550920
0.923342
0.010499
0.697902
0.312560
0.733004
0.042986
0.331053
0.124027
0.026618
0.340667
0.379547
0.630902
0.468723
0.984657
0.899517
0.609834
0.940444
0.655575
0.713607
0.427349
0.831670
0.463777
0.534516
0.055612
0.308385
0.107631
0.035266
0.014557
0.203145
0.887639
0.309716
0.592864
0.673708
0.141068
0.517614
0.633391
0.879660
0.873816
0.869056
0.921168
0.829225
0.511878
0.841524
0.348837
0.241406
0.925770
0.942941
0.549307
0.476409
0.846761
0.228732
0.431878
0.195010
