0.542640
0.936265
0.687536
0.800480
0.791609
0.473587
0.022018
0.204658
0.417458
0.236735
0.683877
0.754310
0.382710
0.246500
0.503156
0.335264
0.668024
0.856459
0.986540
0.721066
0.448151
0.318727
0.424992
0.515024
0.214309
0.255558
0.915975
0.702249
0.814720
0.744389
0.698960
0.552766
0.224974
0.303428
0.512439
0.839730
0.278885
0.459178
0.605702
0.278962
0.661742
0.309633
0.280433
0.747476
0.534630
0.129223
0.133752
0.187595
0.704712
0.665773
0.217925
0.669090
0.655575
0.880193
0.245096
0.695431
0.740145
0.208266
0.490194
0.283860
0.549883
0.613734
0.501263
0.251676
0.197830
0.304661
0.883021
0.941824
0.170197
0.078683
0.010206
0.555538
0.200443
0.839930
0.476517
0.563648
0.523829
0.402924
0.436227
0.898612
0.833192
0.004749
0.673708
0.630309
0.582540
0.445101
0.248404
0.249255
0.371476
0.963622
0.681632
0.713724
0.069235
0.320944
0.728379
0.323945
0.192917
0.840827
0.331840
0.369875
