0.976489
0.406105
0.789428
0.931393
0.791064
0.461314
0.898365
0.916427
0.701427
0.569927
0.087939
0.827793
0.774991
0.297879
0.172613
0.046112
0.707993
0.814090
0.231532
0.528139
0.804338
0.473804
0.906062
0.458644
0.191360
0.514686
0.419385
0.161865
0.654152
0.181346
0.627702
0.524055
0.320773
0.655931
0.596510
0.788773
0.564693
0.031401
0.237213
0.296503
0.123351
0.664113
0.841026
0.161765
0.391420
0.900663
0.761552
0.466893
0.655575
0.779427
0.929957
0.736003
0.727336
0.472937
0.637186
0.293605
0.457898
0.046872
0.880460
0.846073
0.421521
0.379930
0.619175
0.584531
0.849013
0.441226
0.083308
0.981263
0.962264
0.483169
0.304909
0.106789
0.539431
0.762341
0.438202
0.648694
0.332015
0.748846
0.867113
0.346309
0.374502
0.108196
0.515136
0.591571
0.372987
0.100055
0.915447
0.671340
0.870712
0.443214
0.229729
0.523489
0.377257
0.873088
0.178504
0.251747
0.049273
0.548271
0.010107
0.825534
