0.814720
0.519758
0.464528
0.895123
0.264571
0.736695
0.862816
0.952518
0.350468
0.659726
0.984198
0.872815
0.056653
0.624740
0.298122
0.855788
0.908747
0.432808
0.611842
0.414426
0.680332
0.637068
0.217797
0.382999
0.605230
0.900336
0.548616
0.738881
0.761439
0.167089
0.173512
0.785048
0.651186
0.174576
0.395821
0.232068
0.585234
0.993032
0.134606
0.443109
0.323687
0.824400
0.045688
0.167295
0.509971
0.671577
0.105362
0.373555
0.766951
0.325842
0.622134
0.993961
0.715591
0.638135
0.272150
0.189641
0.800480
0.292724
0.712906
0.451529
0.201820
0.086014
0.629716
0.400153
0.881434
0.498486
0.061059
0.654745
0.474780
0.202181
0.999689
0.886948
0.495383
0.455026
0.895792
0.570859
0.506056
0.204962
0.497598
0.982678
0.636949
0.885384
0.348113
0.659371
0.886341
0.232942
0.387922
0.840628
0.765941
0.185120
0.996256
0.488653
0.118055
0.193961
0.580199
0.149471
0.831670
0.707642
0.790410
0.101050
