0.334295
0.675720
0.210431
0.529617
0.932274
0.345769
0.867669
0.215003
0.467323
0.529845
0.292164
0.801447
0.904625
0.939811
0.021330
0.458111
0.848036
0.364167
0.019745
0.500485
0.607945
0.538515
0.935477
0.030911
0.410103
0.606292
0.710100
0.076967
0.647745
0.527231
0.587697
0.058746
0.868502
0.610779
0.027945
0.536114
0.473371
0.013129
0.123391
0.777766
0.365099
0.178993
0.291446
0.177367
0.775991
0.460138
0.889189
0.412312
0.416547
0.555192
0.696255
0.013921
0.857701
0.132438
0.108551
0.458964
0.342451
0.271317
0.846565
0.458644
0.933418
0.116083
0.616099
0.843706
0.287951
0.170668
0.862440
0.251533
0.664706
0.010486
0.432395
0.980315
0.473262
0.779758
0.023068
0.033046
0.739226
0.285900
0.827793
0.239750
0.549883
0.295535
0.850086
0.444472
0.871719
0.956494
0.675010
0.272681
0.646440
0.214877
0.501486
0.147980
0.468185
0.669327
0.504047
0.101050
0.502933
0.995500
0.688126
0.694725
