0.591336
0.543213
0.732774
0.925344
0.393177
0.338623
0.574007
0.985604
0.135938
0.633036
0.063016
0.817653
0.641338
0.380983
0.610897
0.692370
0.815979
0.333066
0.384539
0.996119
0.973013
0.617281
0.910620
0.337205
0.268228
0.529162
0.962362
0.880992
0.910698
0.393666
0.877964
0.353381
0.200264
0.982892
0.773545
0.079703
0.532805
0.469694
0.960477
0.923702
0.234765
0.088976
0.422744
0.726293
0.949683
0.037679
0.522470
0.616808
0.068573
0.825945
0.951902
0.388600
0.116196
0.211551
0.693077
0.043279
0.739686
0.666958
0.238170
0.400943
0.155515
0.514461
0.393372
0.107034
0.958642
0.904785
0.908433
0.690838
0.474021
0.410003
0.349018
0.220556
0.110808
0.606292
0.702718
0.038991
0.821401
0.122520
0.650593
0.184059
0.035845
0.496379
0.177151
0.516037
0.991768
0.376115
0.790083
0.969937
0.306230
0.093886
0.668616
0.702483
0.611606
0.010795
0.350377
0.804659
0.416649
0.131052
0.948231
0.496268
