0.700840
0.566785
0.335528
0.026618
0.972201
0.971040
0.903581
0.411207
0.579848
0.898365
0.433325
0.533261
0.716291
0.641576
0.225630
0.628176
0.591571
0.411307
0.798974
0.498486
0.159675
0.704830
0.499152
0.168120
0.060720
0.427144
0.964998
0.106684
0.704947
0.941011
0.697196
0.880371
0.708813
0.687300
0.085812
0.571325
0.721183
0.180139
0.485359
0.746105
0.667787
0.595686
0.427451
0.409402
0.796059
0.222367
0.426836
0.457366
0.492399
0.973093
0.947053
0.483826
0.263163
0.745419
0.354112
0.873270
0.786912
0.282299
0.558894
0.832280
0.801232
0.604050
0.936657
0.582657
0.840728
0.207344
0.100817
0.826562
0.834811
0.425299
0.398180
0.336587
0.754537
0.853672
0.223081
0.887380
0.785926
0.315084
0.963957
0.595098
0.316267
0.351832
0.566320
0.212050
0.619766
0.358609
0.868040
0.561327
0.305651
0.868132
0.707642
0.890644
0.479565
0.155370
0.719786
0.989717
0.851253
0.952127
0.518855
0.455239
