0.293365
0.359070
0.016865
0.194602
0.315844
0.306560
0.151921
0.855500
0.572840
0.324031
0.904705
0.812089
0.737270
0.097088
0.565623
0.606882
0.966754
0.022914
0.035975
0.604522
0.565158
0.990385
0.895875
0.599336
0.992088
0.657829
0.595804
0.810293
0.413318
0.859604
0.106614
0.408901
0.192455
0.005532
0.035548
0.796383
0.443319
0.471531
0.690366
0.927460
0.077993
0.342630
0.490965
0.103646
0.443842
0.466032
0.500707
0.802412
0.900826
0.749188
0.109728
0.388212
0.976967
0.786693
0.625095
0.463885
0.805832
0.885384
0.819946
0.893696
0.102729
0.477496
0.515024
0.470450
0.687654
0.993677
0.915975
0.478258
0.748276
0.405209
0.721415
0.151447
0.927809
0.149284
0.998022
0.762792
0.208821
0.583828
0.650830
0.998500
0.727104
0.487225
0.574007
0.096574
0.157608
0.929337
0.815455
0.450894
0.233549
0.495936
0.206670
0.421419
0.362309
0.126440
0.139737
0.927390
0.009955
0.010490
0.199014
0.697078
