0.558199
0.595216
0.074926
0.518516
0.778763
0.911472
0.192686
0.905982
0.965928
0.831365
0.422132
0.351286
0.771650
0.506950
0.948581
0.295213
0.165706
0.744160
0.532007
0.126440
0.861025
0.275349
0.759520
0.112811
0.016164
0.699665
0.779095
0.715358
0.567599
0.413620
0.637661
0.555538
0.293124
0.155225
0.003216
0.170093
0.306726
0.877785
0.755558
0.048392
0.230997
0.028099
0.389086
0.018916
0.772207
0.048238
0.962752
0.762228
0.943126
0.828918
0.960728
0.287951
0.989629
0.977113
0.525529
0.563184
0.617991
0.927809
0.253611
0.078364
0.567018
0.370346
0.298122
0.748732
0.346579
0.436954
0.514461
0.664350
0.146180
0.610306
0.277574
0.763693
0.431053
0.769639
0.256717
0.909139
0.126927
0.347301
0.612433
0.287872
0.597099
0.280200
0.180194
0.723507
0.400943
0.391031
0.274509
0.448994
0.426323
0.076419
0.966799
0.814405
0.503378
0.931868
0.952852
0.479783
0.004577
0.293365
0.243838
0.047072
