0.988341
0.171139
0.078763
0.287951
0.684113
0.729884
0.173036
0.804659
0.892852
0.086072
0.559936
0.669090
0.450366
0.742211
0.202181
0.601574
0.302689
0.268378
0.045139
0.018306
0.244536
0.583711
0.591806
0.351286
0.951395
0.252606
0.802412
0.604522
0.942508
0.799081
0.808067
0.646440
0.954775
0.874360
0.053866
0.604876
0.166422
0.650830
0.034986
0.140357
0.776546
0.849404
0.041267
0.274585
0.097927
0.391908
0.967477
0.955693
0.627109
0.554498
0.982770
0.551497
0.338357
0.974903
0.669327
0.611842
0.649881
0.165553
0.180742
0.257734
0.564112
0.322742
0.482841
0.218244
0.529503
0.293205
0.076810
0.497155
0.678795
0.663639
0.242724
0.368560
0.426118
0.442586
0.811033
0.133157
0.303674
0.048169
0.029258
0.263015
0.999108
0.400647
0.595804
0.174150
0.667076
0.865065
0.576108
0.558894
0.933952
0.243280
0.306643
0.067334
0.920142
0.937307
0.024646
0.021466
0.386856
0.722927
0.105362
0.186242
