0.296180
0.128687
0.888243
0.736003
0.903823
0.043792
0.389960
0.880016
0.436746
0.431466
0.352925
0.672643
0.330617
0.294248
0.516600
0.220814
0.531438
0.878858
0.067986
0.009217
0.154502
0.636712
0.908982
0.131387
0.929475
0.694843
0.641220
0.017876
0.029496
0.820466
0.010385
0.829123
0.862345
0.324634
0.485140
0.065368
0.348565
0.738536
0.496379
0.165809
0.275885
0.158245
0.134648
0.955046
0.005791
0.316690
0.567599
0.389183
0.201220
0.934551
0.630309
0.995896
0.088649
0.961426
0.543099
0.793566
0.276805
0.484045
0.970236
0.100088
0.970534
0.610779
0.192570
0.181897
0.930163
0.283235
0.434153
0.541264
0.210555
0.104707
0.133880
0.777988
0.574123
0.744274
0.062430
0.810716
0.547350
0.814615
0.728379
0.075592
0.277343
0.811139
0.705064
0.496712
0.246781
0.994281
0.371382
0.552882
0.297636
0.330878
0.646203
0.659489
0.877605
0.276575
0.462598
0.873816
0.815769
0.235036
0.352105
0.215826
