0.565855
0.123788
0.604168
0.984771
0.109120
0.043032
0.800910
0.068338
0.545051
0.423152
0.412211
0.878947
0.138461
0.148677
0.169884
0.519080
0.749987
0.428993
0.522244
0.862722
0.601810
0.149190
0.154791
0.522583
0.633866
0.661624
0.076810
0.384346
0.214750
0.091021
0.949394
0.549883
0.174683
0.804659
0.589692
0.353746
0.158934
0.478258
0.355118
0.562719
0.149611
0.832381
0.104673
0.942260
0.062755
0.843706
0.689777
0.938598
0.493393
0.699077
0.992929
0.018169
0.774101
0.724320
0.179757
0.019480
0.583594
0.981134
0.661031
0.850378
0.611252
0.638017
0.518291
0.840229
0.582891
0.646559
0.335881
0.618346
0.720019
0.465065
0.156632
0.230329
0.572257
0.068785
0.256789
0.274890
0.175377
0.249326
0.797788
0.122915
0.386856
0.821193
0.371005
0.574590
0.683523
0.659845
0.102493
0.939684
0.827690
0.567250
0.743702
0.745304
0.328353
0.026914
0.761326
0.079138
0.231867
0.194427
0.972487
0.684467
