0.156680
0.412412
0.098643
0.451000
0.337736
0.723507
0.287240
0.131303
0.022109
0.721415
0.268303
0.499485
0.587932
0.188332
0.308302
0.522810
0.973968
0.628294
0.553343
0.225499
0.542754
0.154165
0.039956
0.624147
0.239337
0.721648
0.128194
0.469802
0.132227
0.704009
0.676785
0.229130
0.295858
0.430950
0.948814
0.548501
0.933952
0.153973
0.221654
0.553690
0.344063
0.797464
0.893105
0.613379
0.992381
0.749303
0.113585
0.783729
0.647033
0.573540
0.851253
0.500818
0.562371
0.691899
0.342809
0.840329
0.187652
0.908826
0.435916
0.295454
0.532805
0.588166
0.588753
0.168689
0.103034
0.374028
0.974047
0.701192
0.142680
0.422540
0.191878
0.678795
0.962898
0.953406
0.734851
0.011995
0.720601
0.686592
0.276192
0.812511
0.064471
0.460566
0.588988
0.076576
0.576108
0.688716
0.968545
0.439035
0.923342
0.126035
0.995775
0.625806
0.924561
0.341915
0.704361
0.830755
0.548271
0.004168
0.652728
0.742326
