0.971624
0.665417
0.344780
0.885471
0.928714
0.285743
0.506279
0.703657
0.267928
0.052631
0.826767
0.245306
0.814195
0.337205
0.619885
0.385697
0.335881
0.865251
0.700957
0.501597
0.740490
0.935608
0.980248
0.959002
0.710217
0.097345
0.189242
0.678795
0.344601
0.242863
0.691427
0.663876
0.813459
0.875807
0.908669
0.755444
0.422642
0.831162
0.905185
0.551728
0.534972
0.042467
0.106265
0.119746
0.195244
0.692841
0.520209
0.328093
0.123828
0.998383
0.589810
0.196064
0.719786
0.534744
0.960527
0.599571
0.913241
0.963574
0.623674
0.769415
0.013465
0.444681
0.722229
0.039656
0.148817
0.434360
0.929751
0.919553
0.198362
0.063300
0.795518
0.454814
0.922910
0.309133
0.823678
0.690838
0.775102
0.943617
0.011130
0.198007
0.760762
0.795951
0.157951
0.019976
0.641457
0.214057
0.909686
0.375640
0.258317
0.418776
0.883021
0.185792
0.736579
0.692252
0.271468
0.041968
0.592394
0.997748
0.561791
0.865531
