0.698489
0.353472
0.726293
0.778209
0.736464
0.493724
0.197770
0.683286
0.732774
0.985983
0.896957
0.219783
0.355027
0.491076
0.924204
0.866556
0.763017
0.468292
0.564809
0.587580
0.064896
0.371193
0.652135
0.667195
0.916877
0.402428
0.749759
0.034294
0.490855
0.739686
0.619175
0.401537
0.361011
0.180139
0.954176
0.304167
0.381079
0.419081
0.865438
0.129430
0.771538
0.318727
0.507509
0.534858
0.553343
0.467431
0.947526
0.678559
0.142635
0.732196
0.923702
0.542754
0.044723
0.322142
0.492068
0.602871
0.784388
0.898447
0.332891
0.773099
0.806471
0.261540
0.652016
0.072388
0.777544
0.530413
0.619056
0.764930
0.472829
0.306478
0.730925
0.223733
0.198895
0.617400
0.262572
0.528367
0.535657
0.031493
0.896625
0.574590
0.761439
0.563996
0.922476
0.296423
0.054379
0.334471
0.830245
0.404115
0.402131
0.824916
0.031458
0.923414
0.813459
0.101652
0.841026
0.503936
0.953130
0.720485
0.640033
0.706119
