0.946875
0.619530
0.616335
0.754082
0.288663
0.116196
0.357965
0.750442
0.805086
0.181622
0.603343
0.721764
0.608535
0.540691
0.344152
0.316690
0.040345
0.152206
0.861780
0.118246
0.978576
0.908826
0.934019
0.993049
0.808916
0.766838
0.504159
0.866927
0.607472
0.399856
0.338268
0.529162
0.870712
0.786912
0.147655
0.755898
0.734966
0.857701
0.559589
0.307886
0.494056
0.510420
0.349924
0.216651
0.406404
0.834609
0.524848
0.668498
0.468616
0.827998
0.884336
0.092922
0.104776
0.314662
0.111897
0.616453
0.994069
0.137805
0.198599
0.095936
0.397589
0.321457
0.005781
0.789319
0.610306
0.856459
0.308884
0.717573
0.751923
0.604050
0.988742
0.260291
0.143537
0.310133
0.733697
0.579380
0.767735
0.617163
0.261099
0.746448
0.262941
0.524962
0.469910
0.064986
0.299585
0.432705
0.198895
0.769974
0.110771
0.700722
0.386953
0.742899
0.654152
0.634814
0.848134
0.281598
0.465172
0.046540
0.195185
0.081035
