0.936199
0.603697
0.380600
0.651779
0.496268
0.504382
0.719204
0.460780
0.388989
0.911163
0.702131
0.454602
0.348294
0.280666
0.451423
0.253395
0.616690
0.015884
0.128522
0.501263
0.008622
0.845089
0.464314
0.007109
0.884511
0.696726
0.761101
0.611724
0.800158
0.499041
0.779427
0.943310
0.487884
0.537257
0.892259
0.283157
0.688716
0.901721
0.371665
0.174363
0.151495
0.146916
0.876077
0.046540
0.464314
0.469263
0.686474
0.831772
0.396017
0.358425
0.209934
0.430847
0.337382
0.532691
0.644186
0.593805
0.398082
0.023310
0.425913
0.475648
0.682578
0.728958
0.775325
0.037327
0.448994
0.565506
0.445731
0.235036
0.583008
0.829939
0.094544
0.514686
0.481748
0.235375
0.226419
0.963189
0.688834
0.152825
0.931189
0.774658
0.302525
0.305239
0.397491
0.851058
0.481639
0.244047
0.223994
0.501374
0.327312
0.740145
0.149097
0.597334
0.940381
0.773545
0.785267
0.424378
0.029002
0.892513
0.972201
0.911395
