0.960275
0.640626
0.427041
0.548271
0.060216
0.387340
0.082248
0.674892
0.081007
0.175324
0.518742
0.508068
0.476952
0.384539
0.492509
0.716874
0.316859
0.639915
0.430228
0.922186
0.597216
0.106684
0.845286
0.432085
0.393372
0.778984
0.674182
0.472721
0.725133
0.727916
0.606174
0.230863
0.343794
0.903984
0.170982
0.546315
0.737616
0.098317
0.590984
0.328440
0.675602
0.190384
0.334032
0.787898
0.714891
0.991184
0.513113
0.329658
0.513562
0.936917
0.745190
0.170302
0.935345
0.890046
0.191187
0.027465
0.085266
0.109764
0.813985
0.880548
0.227606
0.480329
0.535087
0.067660
0.017174
0.122599
0.891920
0.005385
0.176235
0.863942
0.399955
0.024319
0.967791
0.969980
0.515024
0.338091
0.986197
0.292164
0.100319
0.215572
0.457792
0.835920
0.261099
0.025435
0.160369
0.973293
0.760988
0.176343
0.891410
0.096254
0.120328
0.909842
0.455983
0.232270
0.456089
0.735542
0.206548
0.187708
0.179647
0.961921
