0.106160
0.717224
0.252534
0.599218
0.159774
0.622134
0.090657
0.985191
0.743358
0.183392
0.667076
0.293445
0.600278
0.498597
0.973253
0.978401
0.622608
0.002790
0.039927
0.612433
0.407003
0.056199
0.939811
0.907646
0.603814
0.755444
0.006013
0.561095
0.711971
0.143085
0.879660
0.381366
0.489534
0.181512
0.474888
0.214624
0.293124
0.804445
0.419182
0.292484
0.774769
0.115782
0.136067
0.365192
0.116309
0.789319
0.332102
0.092644
0.255775
0.103509
0.410504
0.963430
0.772542
0.128852
0.414527
0.647745
0.515361
0.768072
0.379165
0.951395
0.585000
0.997361
0.100518
0.177097
0.390738
0.283704
0.892936
0.970746
0.963382
0.492068
0.543443
0.491517
0.198007
0.852125
0.947879
0.451634
0.069760
0.584179
0.802198
0.868502
0.350831
0.677140
0.720950
0.569927
0.629716
0.979779
0.003857
0.684585
0.158737
0.988028
0.248546
0.368654
0.480329
0.394742
0.588049
0.133965
0.960376
0.685176
0.706471
0.691074
