0.762679
0.370440
0.893021
0.398574
0.147748
0.998051
0.003341
0.860457
0.721299
0.887639
0.269430
0.602635
0.364633
0.835416
0.872906
0.023336
0.582891
0.103885
0.328788
0.309466
0.670985
0.170930
0.181952
0.645135
0.869240
0.463348
0.359255
0.384153
0.737731
0.343256
0.564112
0.974632
0.167810
0.152444
0.153207
0.590044
0.161165
0.797140
0.152730
0.072934
0.388212
0.357229
0.509299
0.749873
0.865811
0.968809
0.104295
0.854346
0.286766
0.188957
0.096222
0.485469
0.344063
0.585586
0.673116
0.186692
0.734505
0.937954
0.304661
0.213303
0.738076
0.661979
0.983404
0.794000
0.145218
0.076862
0.038963
0.860173
0.515812
0.804659
0.466355
0.457153
0.488873
0.031309
0.191072
0.028747
0.757144
0.994444
0.087410
0.156000
0.889189
0.782738
0.730115
0.452164
0.998565
0.046689
0.516825
0.104295
0.211364
0.950714
0.994415
0.429919
0.834911
0.456940
0.130176
0.441226
0.640152
0.918369
0.614916
0.539774
