0.523263
0.411207
0.122165
0.695431
0.831467
0.309050
0.246852
0.123908
0.191302
0.058460
0.792371
0.914081
0.152349
0.352925
0.751012
0.836524
0.081667
0.376401
0.540461
0.698842
0.867762
0.956068
0.691545
0.615271
0.327139
0.657355
0.860647
0.157902
0.921532
0.753060
0.102391
0.154694
0.050542
0.521565
0.592512
0.440182
0.622134
0.136847
0.781525
0.893274
0.375640
0.534288
0.104227
0.064963
0.720019
0.901965
0.262351
0.951395
0.580667
0.745304
0.121812
0.238993
0.175163
0.620950
0.950486
0.892174
0.971040
0.023872
0.945981
0.308385
0.513000
0.515024
0.919774
0.108303
0.606174
0.339510
0.783509
0.247556
0.084552
0.869148
0.119052
0.189812
0.906856
0.766502
0.248334
0.435812
0.140401
0.840827
0.816293
0.918072
0.921168
0.582071
0.522131
0.692134
0.633984
0.363423
0.376781
0.579497
0.218948
0.362680
0.000505
0.980645
0.985795
0.339510
0.520887
0.587580
0.420605
0.259120
0.974438
0.267553
