0.946340
0.758163
0.853961
0.038823
0.393079
0.865438
0.098317
0.072884
0.414729
0.738996
0.071527
0.363888
0.058074
0.423561
0.269882
0.044074
0.077913
0.077887
0.169937
0.766053
0.963909
0.655813
0.815455
0.702835
0.467646
0.774101
0.725365
0.608535
0.796167
0.184393
0.215319
0.333593
0.689895
0.606882
0.831162
0.104364
0.462920
0.947112
0.425708
0.817130
0.015573
0.641931
0.472613
0.642999
0.608535
0.080953
0.975056
0.004029
0.512776
0.111787
0.978576
0.208883
0.103441
0.484921
0.513787
0.927390
0.527004
0.822851
0.478149
0.000854
0.281909
0.289536
0.881080
0.581837
0.691074
0.712322
0.146455
0.579731
0.563416
0.011921
0.064806
0.510868
0.831874
0.513337
0.112298
0.641220
0.779537
0.389669
0.546890
0.059075
0.469047
0.632799
0.489424
0.558546
0.854346
0.238033
0.941886
0.605702
0.163070
0.527117
0.547580
0.544821
0.865345
0.053264
0.131933
0.196064
0.884773
0.315084
0.572024
0.264052
