0.403619
0.955370
0.883021
0.358425
0.554845
0.657473
0.317877
0.158344
0.537486
0.714541
0.660201
0.205449
0.046889
0.642881
0.731849
0.179921
0.657473
0.590162
0.995133
0.086448
0.326014
0.795734
0.535772
0.002322
0.589692
0.491958
0.674655
0.263533
0.843013
0.372892
0.386566
0.522583
0.159082
0.487774
0.117407
0.142231
0.541149
0.956121
0.453223
0.292804
0.655338
0.524169
0.162165
0.605112
0.799081
0.532235
0.948289
0.517050
0.014114
0.789100
0.806471
0.206731
0.988341
0.311721
0.610188
0.637898
0.729421
0.858654
0.296423
0.677140
0.975248
0.529731
0.962166
0.868687
0.919480
0.770309
0.562951
0.260658
0.522131
0.180304
0.199846
0.297555
0.235919
0.851058
0.060195
0.155564
0.767399
0.994429
0.549653
0.155273
0.262646
0.895123
0.567250
0.205144
0.116573
0.552651
0.094922
0.075798
0.501041
0.493503
0.514799
0.310467
0.180413
0.044278
0.371005
0.678559
0.536343
0.167244
0.573657
0.922041
