0.213994
0.831569
0.935213
0.710334
0.889532
0.990406
0.554498
0.932207
0.861780
0.966617
0.051841
0.257661
0.600749
0.440809
0.770309
0.580784
0.254043
0.559589
0.179157
0.550344
0.978994
0.003973
0.310384
0.282065
0.712672
0.996411
0.827895
0.945981
0.521452
0.523602
0.572607
0.760198
0.216079
0.750898
0.263459
0.066322
0.194078
0.000252
0.967252
0.878679
0.735427
0.297960
0.747819
0.361938
0.549883
0.187935
0.546890
0.604286
0.030451
0.597452
0.852028
0.545395
0.926969
0.649762
0.117864
0.974125
0.431982
0.167038
0.630072
0.466247
0.255196
0.620358
0.505386
0.903984
0.169208
0.966159
0.979610
0.060636
0.261393
0.965138
0.114511
0.263163
0.067869
0.744160
0.366967
0.946160
0.095681
0.708813
0.861969
0.624147
0.265314
0.949452
0.757711
0.038823
0.501263
0.979745
0.847252
0.678914
0.510644
0.691427
0.720717
0.963044
0.715358
0.788773
0.645372
0.562835
0.649881
0.707057
0.010955
0.417560
