0.038130
0.939937
0.428170
0.472613
0.325582
0.824297
0.528139
0.508516
0.335704
0.605466
0.562719
0.573190
0.021797
0.687536
0.209006
0.601103
0.158344
0.902856
0.070024
0.957968
0.219526
0.506391
0.719786
0.776324
0.142006
0.642525
0.093699
0.780421
0.286294
0.199252
0.363609
0.402924
0.964242
0.913011
0.323687
0.670630
0.627228
0.512327
0.046096
0.859319
0.034344
0.565274
0.206976
0.745304
0.913165
0.576925
0.188502
0.470990
0.702953
0.269581
0.542410
0.522583
0.758955
0.433739
0.627820
0.988003
0.866556
0.640389
0.887898
0.792914
0.158836
0.104879
0.040042
0.215889
0.704595
0.804979
0.212050
0.598040
0.591454
0.396312
0.614088
0.467969
0.712322
0.902856
0.915220
0.795193
0.284330
0.718971
0.417762
0.557505
0.231666
0.644423
0.369969
0.603107
0.747476
0.688008
0.917475
0.418472
0.962313
0.219141
0.704947
0.386470
0.858368
0.984053
0.429199
0.188900
0.527344
0.664113
0.342005
0.440600
