0.491627
0.227276
0.233279
0.984714
0.095618
0.084381
0.131178
0.824297
0.811139
0.395232
0.438931
0.866834
0.856650
0.769974
0.801661
0.246500
0.834204
0.688244
0.897040
0.149050
0.548616
0.470342
0.322570
0.519193
0.229064
0.903179
0.109728
0.798003
0.124147
0.359624
0.387340
0.217032
0.673471
0.840628
0.901559
0.034620
0.652254
0.003698
0.478258
0.559705
0.303592
0.556116
0.880814
0.160419
0.158295
0.788445
0.503936
0.205266
0.485250
0.747819
0.337559
0.860363
0.333329
0.138944
0.252320
0.123153
0.908826
0.770980
0.872724
0.482841
0.096606
0.544706
0.471206
0.712205
0.860363
0.046972
0.803483
0.206181
0.558083
0.466140
0.985357
0.315675
0.262867
0.679150
0.441226
0.799297
0.579614
0.694019
0.602635
0.391323
0.785157
0.755785
0.983344
0.306726
0.490635
0.481092
0.528026
0.373838
0.468292
0.014092
0.350105
0.136111
0.420605
0.331140
0.140623
0.158836
0.035049
0.466462
0.727104
0.219783
