0.261687
0.090657
0.697196
0.265984
0.353564
0.684940
0.667076
0.717340
0.142006
0.881434
0.651067
0.588284
0.738191
0.726177
0.356310
0.429507
0.554267
0.722694
0.287398
0.605348
0.251819
0.598511
0.721299
0.463563
0.967432
0.243559
0.522470
0.796383
0.381654
0.514574
0.418370
0.496822
0.709047
0.490194
0.052281
0.952686
0.470558
0.338179
0.260218
0.034108
0.683523
0.641576
0.121812
0.926335
0.799189
0.315928
0.002322
0.167295
0.190270
0.833800
0.164434
0.958642
0.946220
0.545625
0.624740
0.212801
0.935674
0.788663
0.174789
0.785048
0.419893
0.420605
0.013179
0.037408
0.740719
0.044484
0.442690
0.907725
0.994718
0.320602
0.915598
0.517163
0.542640
0.883636
0.377543
0.804872
0.238513
0.098285
0.330181
0.808173
0.556810
0.397786
0.331752
0.585000
0.659489
0.679623
0.466032
0.957392
0.827588
0.652254
0.664706
0.941073
0.914386
0.865811
0.874903
0.039329
0.710100
0.448045
0.834204
0.139164
