0.363051
0.585351
0.645016
0.755218
0.835920
0.711854
0.856841
0.500707
0.825019
0.174523
0.987361
0.534516
0.417155
0.415335
0.451106
0.983848
0.256862
0.809128
0.584062
0.755218
0.270561
0.172613
0.053734
0.849891
0.098806
0.147841
0.080898
0.752946
0.801232
0.299015
0.300726
0.930779
0.873361
0.178939
0.146870
0.663639
0.817548
0.796924
0.659608
0.481311
0.609243
0.802519
0.814825
0.459711
0.927109
0.681869
0.406305
0.108800
0.807429
0.387631
0.414527
0.064338
0.764368
0.809340
0.849794
0.063191
0.853672
0.587345
0.785048
0.599336
0.810504
0.376496
0.527117
0.248688
0.375355
0.616217
0.660319
0.015478
0.912781
0.638373
0.785926
0.698489
0.299666
0.885993
0.699665
0.283782
0.145127
0.946340
0.140224
0.319408
0.367997
0.585234
0.149377
0.155419
0.977475
0.838831
0.624029
0.670630
0.734159
0.931121
0.872176
0.604050
0.814720
0.392688
0.892344
0.654626
0.498375
0.217606
0.189071
0.982026
