0.140846
0.756238
0.089783
0.539545
0.874451
0.693901
0.872085
0.005032
0.879927
0.271468
0.628768
0.620240
0.377448
0.183558
0.828407
0.927109
0.014179
0.404215
0.631139
0.200861
0.242654
0.232203
0.103102
0.192339
0.286609
0.601692
0.068667
0.474346
0.786693
0.887898
0.763918
0.219205
0.934684
0.222237
0.854443
0.071968
0.836020
0.933618
0.534402
0.203567
0.688598
0.163171
0.065639
0.228533
0.689659
0.391031
0.350196
0.228201
0.505944
0.062842
0.971665
0.028673
0.256499
0.648813
0.174256
0.444472
0.782738
0.345679
0.532691
0.691427
0.392396
0.445626
0.731156
0.229064
0.094544
0.308219
0.345140
0.938598
0.781966
0.209810
0.215762
0.237623
0.648576
0.732196
0.159477
0.876168
0.186636
0.544017
0.860173
0.536343
0.779758
0.397885
0.405010
0.153494
0.558894
0.494166
0.268603
0.715824
0.194485
0.795518
0.406704
0.381079
0.413922
0.105293
0.620358
0.300726
0.388212
0.447835
0.559357
0.643474
