0.900336
0.845680
0.621424
0.289218
0.864130
0.021434
0.211613
0.486127
0.992107
0.866834
0.819842
0.360456
0.081584
0.017038
0.628413
0.556926
0.033935
0.341737
0.147054
0.619885
0.219269
0.492841
0.064605
0.434568
0.240370
0.589927
0.054379
0.936330
0.866556
0.926335
0.542984
0.885993
0.705885
0.343704
0.674063
0.244327
0.629835
0.892005
0.872541
0.501152
0.968103
0.109049
0.656643
0.712205
0.081144
0.587345
0.690956
0.249042
0.284330
0.896042
0.861214
0.218628
0.312727
0.229862
0.884773
0.894956
0.774213
0.632680
0.244396
0.411407
0.470882
0.790737
0.292004
0.700487
0.393079
0.672288
0.497376
0.160121
0.236123
0.003327
0.857510
0.237623
0.202301
0.222691
0.942073
0.081309
0.946459
0.021635
0.171980
0.346219
0.282376
0.705181
0.226024
0.548962
0.226419
0.976489
0.838030
0.749759
0.377162
0.996119
0.699782
0.370911
0.767063
0.026845
0.547580
0.937242
0.577510
0.266357
0.191647
0.040447
