0.738766
0.095332
0.622489
0.297798
0.224255
0.886341
0.110195
0.780532
0.959769
0.062929
0.125792
0.873543
0.576809
0.810081
0.685412
0.884249
0.016706
0.188843
0.538286
0.899763
0.737270
0.620003
0.337825
0.420300
0.929475
0.365659
0.151589
0.004843
0.168017
0.057090
0.747591
0.075979
0.763580
0.032026
0.846172
0.590162
0.140535
0.000823
0.927809
0.208636
0.315675
0.149846
0.799727
0.421623
0.693783
0.718738
0.397294
0.222756
0.873634
0.707759
0.567134
0.336057
0.958176
0.844200
0.572490
0.297150
0.803269
0.037733
0.104364
0.274280
0.511429
0.830143
0.936134
0.644423
0.461207
0.995025
0.864504
0.311889
0.104845
0.028359
0.502710
0.960628
0.567367
0.495272
0.256935
0.425196
0.159527
0.934352
0.050738
0.905425
0.375830
0.271771
0.420808
0.123589
0.994281
0.185176
0.750101
0.617873
0.954230
0.698725
0.220814
0.265910
0.981392
0.206364
0.408301
0.335616
0.933819
0.983523
0.275120
0.084780
