0.105743
0.075258
0.540691
0.682223
0.438619
0.243002
0.562603
0.862910
0.764255
0.524848
0.355118
0.864878
0.178939
0.419385
0.262203
0.115257
0.050990
0.503490
0.544936
0.275732
0.656406
0.686946
0.821608
0.655575
0.766053
0.963861
0.533831
0.527231
0.455132
0.821401
0.558894
0.209068
0.427965
0.831569
0.989495
0.665417
0.012275
0.194718
0.397688
0.911240
0.311052
0.170668
0.219847
0.748618
0.675247
0.489203
0.034733
0.783619
0.764592
0.643592
0.108055
0.475431
0.317368
0.662454
0.248334
0.705885
0.749873
0.257661
0.327486
0.145218
0.207651
0.097960
0.382518
0.538630
0.865718
0.611724
0.690249
0.911318
0.525756
0.486786
0.259998
0.852899
0.144171
0.536914
0.539774
0.211177
0.111460
0.523716
0.831975
0.152968
0.218116
0.299747
0.449944
0.925344
0.374312
0.615980
0.451423
0.512214
0.336940
0.191130
0.474888
0.435708
0.829735
0.815560
0.139826
0.780753
0.815665
0.924561
0.163675
0.659371
