0.996750
0.060974
0.017782
0.108055
0.122757
0.294167
0.796383
0.185792
0.971208
0.547810
0.442376
0.588284
0.754764
0.527685
0.454708
0.668735
0.452693
0.638373
0.370534
0.704712
0.687890
0.440704
0.703422
0.149331
0.688716
0.765154
0.122480
0.957024
0.807854
0.661624
0.440287
0.547810
0.170615
0.108303
0.194718
0.352014
0.116460
0.336498
0.501931
0.543787
0.582422
0.665891
0.534972
0.919480
0.025814
0.574824
0.649643
0.493061
0.851738
0.247274
0.350559
0.245096
0.195478
0.166371
0.318982
0.043979
0.980678
0.942011
0.573190
0.041669
0.823884
0.651898
0.880105
0.968677
0.525869
0.779758
0.158049
0.135636
0.187878
0.162065
0.651898
0.323687
0.612670
0.427246
0.038116
0.179484
0.078337
0.232270
0.079865
0.976820
0.783398
0.396901
0.948406
0.941949
0.143040
0.363609
0.953185
0.601928
0.604758
0.258463
0.239337
0.904465
0.114140
0.586524
0.759633
0.011391
0.802733
0.008502
0.701779
0.168689
