0.521226
0.022770
0.192339
0.715824
0.295132
0.161765
0.776879
0.093574
0.519306
0.622963
0.187992
0.982338
0.152396
0.451423
0.195478
0.975133
0.184952
0.644423
0.093356
0.579965
0.727104
0.868040
0.179375
0.552305
0.865811
0.488653
0.841325
0.370440
0.701544
0.379930
0.767847
0.617281
0.877874
0.787022
0.475214
0.804979
0.803055
0.838130
0.490194
0.425503
0.097120
0.929682
0.656524
0.138592
0.838130
0.609716
0.279813
0.079811
0.115557
0.444367
0.164080
0.619885
0.801769
0.819218
0.093077
0.423254
0.116271
0.035113
0.141024
0.609480
0.341648
0.150786
0.357504
0.238650
0.083759
0.834204
0.403718
0.941261
0.320260
0.941574
0.546430
0.870345
0.303428
0.922765
0.221783
0.376401
0.443214
0.660438
0.932274
0.796059
0.568181
0.811033
0.717224
0.286136
0.747819
0.363702
0.172243
0.620122
0.378783
0.693901
0.114288
0.871994
0.989316
0.736810
0.202241
0.767511
0.022067
0.026874
0.946638
0.900826
