0.869609
0.933015
0.933819
0.618228
0.583711
0.333944
0.599218
0.197239
0.596275
0.225893
0.973533
0.448256
0.168586
0.160866
0.672880
0.591102
0.409802
0.308634
0.748846
0.262498
0.375640
0.045106
0.453011
0.586407
0.207160
0.012954
0.750214
0.887812
0.037475
0.745533
0.747705
0.650593
0.791718
0.651423
0.411910
0.191130
0.693077
0.366500
0.814300
0.929268
0.346850
0.295293
0.735312
0.034594
0.624147
0.946220
0.295052
0.893358
0.994575
0.645728
0.394840
0.464099
0.793892
0.527344
0.872724
0.320346
0.737731
0.593452
0.699547
0.115070
0.131345
0.227540
0.871628
0.577042
0.664469
0.609598
0.348927
0.956654
0.005718
0.378974
0.241475
0.350287
0.484264
0.237896
0.336940
0.334559
0.297879
0.505498
0.190843
0.322313
0.947349
0.080898
0.273746
0.467538
0.448994
0.263681
0.891920
0.808597
0.112152
0.686946
0.092891
0.708813
0.905744
0.879482
0.822644
0.247486
0.380791
0.281365
0.305156
0.684349
