0.567483
0.968545
0.624266
0.554729
0.451740
0.858844
0.062214
0.902856
0.000932
0.786693
0.084780
0.952518
0.021100
0.746791
0.454283
0.358702
0.216270
0.320944
0.380600
0.836825
0.790737
0.304085
0.473479
0.533375
0.625806
0.012055
0.645728
0.890473
0.875356
0.361567
0.438931
0.891070
0.838030
0.526890
0.588753
0.869425
0.817235
0.579848
0.970407
0.021005
0.244746
0.463885
0.212738
0.585820
0.375640
0.110159
0.818592
0.742211
0.928714
0.673827
0.850572
0.405607
0.894620
0.947349
0.462813
0.710919
0.255847
0.335528
0.792262
0.368373
0.721880
0.003185
0.799512
0.020981
0.902127
0.136847
0.591689
0.341558
0.924632
0.391225
0.597216
0.374407
0.538172
0.272302
0.391420
0.811033
0.499152
0.966480
0.371288
0.762904
0.591806
0.677849
0.363144
0.330268
0.284879
0.703774
0.640982
0.107244
0.460245
0.130468
0.563300
0.404911
0.580784
0.272074
0.378974
0.622845
0.081062
0.120678
0.494166
0.085582
