0.494498
0.212613
0.185624
0.225696
0.575524
0.464636
0.135249
0.726641
0.434671
0.914462
0.122047
0.779537
0.551151
0.965044
0.411910
0.254763
0.455664
0.299503
0.465925
0.257661
0.578678
0.892429
0.826664
0.129678
0.657710
0.072487
0.270712
0.119630
0.349652
0.480438
0.617281
0.160419
0.632680
0.221783
0.518065
0.521113
0.380408
0.243838
0.244117
0.343435
0.817235
0.583476
0.253683
0.958900
0.131681
0.563880
0.648220
0.380983
0.755331
0.456195
0.315590
0.617400
0.706822
0.293686
0.368560
0.952239
0.380121
0.629242
0.203205
0.851738
0.798866
0.189527
0.373082
0.610661
0.853479
0.922476
0.217032
0.443528
0.113585
0.492841
0.485250
0.469155
0.295454
0.692723
0.675247
0.245166
0.975476
0.454389
0.499818
0.036791
0.833598
0.406305
0.930163
0.169884
0.509747
0.442063
0.463885
0.024802
0.749074
0.931053
0.552305
0.413318
0.737961
0.576575
0.317537
0.269204
0.114772
0.081364
0.327399
0.956865
