0.731156
0.252678
0.647745
0.625450
0.303592
0.317792
0.426426
0.909295
0.218884
0.144398
0.257443
0.489093
0.021993
0.920802
0.179647
0.028938
0.728726
0.124427
0.881346
0.134905
0.108196
0.896791
0.747362
0.672288
0.435293
0.516262
0.940885
0.534858
0.789319
0.043854
0.661268
0.142186
0.279735
0.698842
0.259266
0.304579
0.181567
0.722113
0.644304
0.720368
0.228003
0.580667
0.752150
0.112958
0.250748
0.313399
0.909217
0.864878
0.250036
0.836020
0.177205
0.679387
0.713023
0.988997
0.041564
0.940633
0.200861
0.100984
0.207774
0.436123
0.476735
0.656999
0.269731
0.519306
0.963382
0.071209
0.399067
0.092459
0.059363
0.358425
0.255413
0.138417
0.392005
0.575290
0.556926
0.528367
0.120172
0.909061
0.163221
0.031149
0.609243
0.007880
0.246922
0.837026
0.785816
0.496158
0.121341
0.288188
0.033130
0.079973
0.463348
0.503824
0.086943
0.297555
0.173990
0.987235
0.881346
0.779095
0.335264
0.307720
