0.017509
0.254475
0.212425
0.468723
0.350468
0.846663
0.346399
0.786035
0.462384
0.235240
0.189584
0.413922
0.178178
0.797140
0.610779
0.698489
0.261246
0.006199
0.007357
0.463885
0.492951
0.492068
0.854443
0.965511
0.888243
0.691074
0.221136
0.945380
0.809658
0.985686
0.225761
0.095681
0.838731
0.684349
0.463777
0.367810
0.344152
0.483716
0.365379
0.276268
0.490745
0.393372
0.340934
0.828202
0.399363
0.915975
0.012825
0.481092
0.754082
0.448045
0.305734
0.200204
0.042695
0.633510
0.422132
0.860363
0.656643
0.320516
0.823781
0.096095
0.732658
0.222756
0.639440
0.667432
0.502487
0.378496
0.588753
0.644304
0.937242
0.709632
0.745304
0.616927
0.909373
0.330704
0.837628
0.290489
0.868410
0.802733
0.056911
0.217989
0.081090
0.540347
0.318556
0.944593
0.292244
0.883811
0.489644
0.673235
0.090748
0.405807
0.051116
0.310885
0.673945
0.994069
0.950429
0.912012
0.609716
0.288267
0.332453
0.630072
