0.831975
0.546085
0.200801
0.922838
0.999693
0.943617
0.103169
0.056593
0.563880
0.963766
0.749759
0.636593
0.224124
0.955046
0.022634
0.404413
0.542296
0.288030
0.862440
0.208143
0.641931
0.835718
0.954012
0.617636
0.302361
0.141827
0.081172
0.135981
0.108444
0.687182
0.426631
0.438202
0.626517
0.106474
0.981328
0.534288
0.922621
0.923774
0.397786
0.066597
0.684113
0.010029
0.059013
0.699312
0.654626
0.025378
0.228599
0.703891
0.824297
0.125389
0.272302
0.791282
0.515361
0.882581
0.196710
0.979508
0.899599
0.475540
0.091998
0.449733
0.030765
0.641101
0.067660
0.835617
0.970746
0.128153
0.441226
0.454389
0.666839
0.246500
0.745762
0.281753
0.082137
0.938534
0.573190
0.201820
0.327572
0.036197
0.915598
0.481092
0.037300
0.349018
0.451211
0.743243
0.146685
0.501597
0.083702
0.548041
0.823678
0.289933
0.879393
0.687064
0.324117
0.831569
0.665180
0.602164
0.731965
0.364447
0.993788
0.210990
