0.652610
0.746905
0.413620
0.967612
0.923774
0.654270
0.226221
0.150551
0.903017
0.016442
0.165298
0.488104
0.584765
0.611961
0.838731
0.906062
0.414023
0.075464
0.013434
0.707525
0.184226
0.479238
0.796275
0.258974
0.790846
0.952295
0.351923
0.895708
0.423356
0.938534
0.235104
0.975056
0.517501
0.042406
0.778431
0.415739
0.170615
0.357137
0.915296
0.433636
0.284330
0.191878
0.431259
0.174789
0.341737
0.177097
0.619885
0.103237
0.263089
0.507285
0.736119
0.921168
0.316436
0.680687
0.703187
0.397885
0.895708
0.766502
0.220685
0.001813
0.896292
0.447098
0.139032
0.087206
0.687418
0.640033
0.163776
0.067729
0.071404
0.398476
0.429816
0.685884
0.675010
0.736234
0.965278
0.261246
0.335616
0.364820
0.021258
0.697666
0.147285
0.725365
0.061165
0.399067
0.281209
0.779869
0.523716
0.487994
0.192224
0.409402
0.145446
0.747933
0.769974
0.454708
0.819322
0.430022
0.077124
0.001749
0.253036
0.879393
