0.498486
0.073785
0.238787
0.768296
0.165706
0.741179
0.650355
0.046227
0.388794
0.468400
0.757258
0.214435
0.895207
0.267478
0.856459
0.267030
0.376971
0.270334
0.047323
0.176719
0.027924
0.843706
0.539545
0.367623
0.332190
0.427246
0.739686
0.108551
0.785926
0.643474
0.067450
0.116460
0.246852
0.922693
0.899763
0.463670
0.249965
0.676785
0.117065
0.377352
0.956015
0.986382
0.014491
0.013868
0.381079
0.802841
0.717224
0.679623
0.899845
0.293766
0.022634
0.291765
0.074620
0.897538
0.577626
0.978576
0.279735
0.648576
0.529503
0.248192
0.008532
0.236463
0.093388
0.827588
0.524962
0.216206
0.781856
0.400153
0.201520
0.979712
0.831569
0.722810
0.235851
0.521000
0.851931
0.698960
0.821504
0.196945
0.292964
0.672998
0.533831
0.928506
0.251604
0.312895
0.894872
0.147331
0.304909
0.196416
0.797356
0.324634
0.516825
0.884599
0.866090
0.050900
0.369969
0.985713
0.009355
0.197652
0.161765
0.458751
