0.287714
0.221848
0.945199
0.106719
0.165809
0.239474
0.013873
0.842715
0.821712
0.515361
0.242168
0.569345
0.665654
0.487115
0.427862
0.086506
0.547005
0.668853
0.197475
0.377543
0.295777
0.365566
0.671577
0.753969
0.383383
0.942632
0.935411
0.568879
0.328440
0.778098
0.939620
0.805192
0.550805
0.006875
0.696843
0.450472
0.968325
0.551382
0.455026
0.296342
0.069688
0.182118
0.768967
0.196416
0.990000
0.045883
0.170406
0.530413
0.088175
0.234697
0.255486
0.955046
0.588518
0.099101
0.126318
0.160518
0.884424
0.023397
0.962019
0.288663
0.694372
0.493393
0.434982
0.123510
0.419284
0.796816
0.815140
0.345769
0.140446
0.441226
0.368373
0.147794
0.326101
0.881346
0.586055
0.957968
0.226682
0.830755
0.327746
0.520096
0.589340
0.585469
0.027374
0.858368
0.636000
0.773099
0.969722
0.050311
0.995688
0.265091
0.452164
0.203991
0.669564
0.706822
0.020755
0.736349
0.323429
0.847840
0.577159
0.186692
