0.424582
0.313736
0.165044
0.303592
0.972892
0.837829
0.270939
0.826151
0.236735
0.575757
0.542066
0.368842
0.431672
0.217160
0.485798
0.533603
0.842815
0.093699
0.298203
0.431156
0.806578
0.912089
0.004375
0.582422
0.798219
0.645135
0.334383
0.720601
0.998611
0.669919
0.648813
0.038725
0.643830
0.054264
0.710217
0.188729
0.592276
0.905265
0.610897
0.804124
0.279117
0.112591
0.792914
0.483716
0.729537
0.918146
0.035574
0.183392
0.001068
0.645253
0.124067
0.821815
0.573890
0.226090
0.410905
0.003609
0.110844
0.867391
0.089663
0.690013
0.550805
0.395821
0.745190
0.075412
0.744618
0.587345
0.593922
0.977798
0.059903
0.520209
0.270334
0.732543
0.127866
0.334911
0.460566
0.385310
0.624029
0.212050
0.651067
0.107561
0.238102
0.995884
0.574940
0.475323
0.793892
0.597805
0.413721
0.149846
0.327572
0.651067
0.268453
0.528821
0.374502
0.437370
0.355668
0.317368
0.516375
0.772207
0.256644
0.571908
