0.882317
0.393861
0.637898
0.914765
0.776435
0.656761
0.713140
0.326706
0.390349
0.236804
0.334032
0.412312
0.290171
0.029898
0.473804
0.535201
0.772430
0.906459
0.236123
0.728495
0.786693
0.959002
0.032699
0.224712
0.384828
0.436746
0.750556
0.551728
0.315168
0.727104
0.340311
0.312224
0.104604
0.527004
0.978260
0.313988
0.242446
0.211925
0.049255
0.612079
0.125671
0.598040
0.183392
0.962215
0.759068
0.602282
0.510307
0.145858
0.892090
0.021903
0.083393
0.176881
0.883460
0.909373
0.916351
0.961674
0.473912
0.372987
0.357229
0.253467
0.434360
0.393861
0.611252
0.390544
0.630902
0.528139
0.951790
0.170459
0.427451
0.201041
0.972283
0.451000
0.181622
0.581135
0.401735
0.143627
0.103339
0.138242
0.502821
0.898282
0.862534
0.169728
0.714774
0.172243
0.612315
0.347210
0.705768
0.620358
0.197181
0.579731
0.647626
0.015066
0.936657
0.183059
0.621187
0.117407
0.422336
0.246992
0.196298
0.483607
