0.830245
0.262498
0.787241
0.288742
0.457792
0.884336
0.448783
0.840329
0.551036
0.158098
0.509635
0.165349
0.547350
0.215256
0.904705
0.677021
0.955800
0.792805
0.230329
0.577393
0.776546
0.906776
0.410404
0.205023
0.188162
0.593334
0.837729
0.896375
0.997423
0.715824
0.047005
0.466677
0.591336
0.844299
0.745190
0.112262
0.278653
0.367155
0.467861
0.838130
0.628768
0.801017
0.398377
0.613852
0.411106
0.310634
0.503936
0.225696
0.447519
0.671340
0.329571
0.874813
0.004257
0.464421
0.545395
0.338889
0.906856
0.602046
0.167398
0.972527
0.160468
0.357229
0.192224
0.119901
0.483388
0.953902
0.592394
0.916652
0.278653
0.767175
0.112921
0.656880
0.761890
0.912935
0.164434
0.404016
0.590279
0.690602
0.339244
0.616099
0.713373
0.538858
0.364261
0.309217
0.237623
0.436643
0.173247
0.731618
0.107104
0.000063
0.732658
0.158688
0.311554
0.366406
0.555885
0.468508
0.542869
0.855404
0.501708
0.052817
