0.814825
0.195361
0.555654
0.738651
0.672406
0.205936
0.875536
0.090536
0.204476
0.448361
0.844497
0.370722
0.933015
0.477714
0.164080
0.684113
0.868964
0.424071
0.635052
0.599336
0.548846
0.234427
0.547925
0.552997
0.582188
0.003903
0.121341
0.982369
0.434360
0.982307
0.750898
0.528594
0.359717
0.598747
0.868779
0.556348
0.921823
0.141648
0.242585
0.252749
0.454389
0.656880
0.879749
0.785048
0.438931
0.390933
0.568646
0.842418
0.230062
0.238582
0.005137
0.503936
0.683404
0.654745
0.239887
0.463563
0.413620
0.467646
0.001145
0.642643
0.717573
0.733004
0.277882
0.638728
0.415133
0.089783
0.195478
0.881964
0.617991
0.862910
0.512327
0.687890
0.062690
0.669564
0.387437
0.535315
0.816398
0.895541
0.588636
0.243559
0.066528
0.433636
0.924275
0.235104
0.950486
0.819634
0.126561
0.035330
0.114847
0.546085
0.129513
0.346309
0.573307
0.966526
0.825431
0.985956
0.253539
0.008080
0.737270
0.736695
