0.345859
0.483716
0.969808
0.025642
0.572957
0.041803
0.134820
0.989270
0.003001
0.849404
0.400153
0.674063
0.786803
0.623910
0.957915
0.007673
0.236327
0.685294
0.183947
0.857987
0.740030
0.427965
0.531324
0.748846
0.485469
0.972037
0.899681
0.185512
0.354203
0.992877
0.837026
0.441435
0.840927
0.459071
0.802519
0.435190
0.959921
0.191187
0.911163
0.568064
0.682459
0.636593
0.021226
0.361752
0.925202
0.608063
0.271468
0.393470
0.785048
0.644898
0.411207
0.685766
0.412714
0.281287
0.977040
0.671814
0.968853
0.109156
0.328701
0.558894
0.291845
0.231063
0.335440
0.612315
0.883109
0.177367
0.959002
0.665180
0.384539
0.493503
0.164891
0.246570
0.900989
0.319237
0.113917
0.210679
0.043325
0.675602
0.941699
0.634814
0.295858
0.985052
0.737616
0.305156
0.533831
0.083533
0.073233
0.044247
0.133710
0.254187
0.579848
0.615507
0.713140
0.641694
0.690720
0.743472
0.778320
0.547120
0.972649
0.416345
