0.334295
0.397393
0.736349
0.318301
0.714774
0.417864
0.827895
0.454495
0.142500
0.275120
0.232740
0.850086
0.516262
0.336763
0.457046
0.525075
0.624147
0.210244
0.815455
0.413419
0.856171
0.519532
0.942817
0.769079
0.303921
0.836725
0.652016
0.863848
0.076108
0.594745
0.633273
0.502042
0.193613
0.366500
0.066803
0.670985
0.497931
0.397098
0.806258
0.232471
0.559936
0.172349
0.989043
0.681750
0.621897
0.812300
0.388116
0.611252
0.503824
0.541952
0.983314
0.976747
0.332978
0.935411
0.840030
0.085495
0.182173
0.239956
0.080679
0.093886
0.382806
0.316859
0.594863
0.364540
0.047609
0.326014
0.814510
0.239474
0.025266
0.297231
0.576575
0.367810
0.237486
0.883899
0.960174
0.314578
0.907646
0.069402
0.483169
0.032225
0.679623
0.286609
0.037072
0.415537
0.738766
0.560052
0.688598
0.640389
0.660675
0.091570
0.905982
0.705299
0.760649
0.340845
0.137281
0.130760
0.169884
0.208266
0.883285
0.491406
