0.946160
0.798219
0.656524
0.918369
0.090144
0.811878
0.187256
0.237213
0.020856
0.554729
0.551728
0.629598
0.795951
0.789428
0.399955
0.966159
0.782077
0.279503
0.538058
0.990022
0.970194
0.564345
0.483388
0.218756
0.511653
0.467000
0.592394
0.232471
0.427657
0.961822
0.353929
0.366500
0.382422
0.654745
0.956388
0.276652
0.224647
0.833395
0.854443
0.002487
0.014239
0.852512
0.218308
0.807004
0.089334
0.902936
0.465387
0.465065
0.562255
0.818488
0.082220
0.548731
0.231666
0.598865
0.279117
0.147933
0.283860
0.149471
0.471314
0.871445
0.408301
0.091600
0.351650
0.035613
0.141336
0.730578
0.872359
0.769527
0.222951
0.112811
0.603107
0.455876
0.450789
0.875807
0.345589
0.654152
0.562371
0.746448
0.597687
0.630309
0.041312
0.933284
0.025181
0.051477
0.816503
0.289456
0.434982
0.159923
0.598865
0.173990
0.177043
0.969333
0.677495
0.345499
0.616808
0.927949
0.899435
0.620595
0.862251
0.369029
