0.027770
0.172349
0.920875
0.086245
0.359440
0.565739
0.432395
0.710451
0.234089
0.756238
0.255052
0.274127
0.772542
0.527004
0.066185
0.574123
0.865904
0.602046
0.314999
0.799942
0.541608
0.352560
0.082637
0.530527
0.473912
0.567250
0.391225
0.453647
0.970619
0.139914
0.914993
0.936982
0.261172
0.601574
0.417155
0.081639
0.499374
0.722927
0.345769
0.217032
0.876977
0.729768
0.688716
0.945681
0.516149
0.332891
0.492068
0.938982
0.812405
0.770868
0.532577
0.093636
0.933015
0.933485
0.104845
0.764255
0.607708
0.126237
0.694372
0.332015
0.724320
0.033010
0.873634
0.846565
0.139561
0.807642
0.764930
0.095206
0.303181
0.184003
0.949394
0.225958
0.494056
0.973493
0.976563
0.962068
0.591102
0.836322
0.153350
0.703774
0.946340
0.384732
0.154984
0.301952
0.915220
0.390057
0.872359
0.181071
0.149518
0.027709
0.654508
0.690720
0.879571
0.346219
0.367061
0.237760
0.360548
0.543558
0.479020
0.433429
