0.006995
0.817653
0.218564
0.295938
0.351377
0.674063
0.393959
0.049447
0.266656
0.656761
0.498708
0.524735
0.561211
0.754082
0.313820
0.055515
0.085123
0.031104
0.956335
0.768855
0.129678
0.985412
0.162165
0.381270
0.218756
0.370911
0.354386
0.828816
0.354752
0.645016
0.469263
0.625213
0.124827
0.306974
0.557968
0.386856
0.197181
0.933217
0.586876
0.788007
0.939110
0.688598
0.528708
0.812616
0.259412
0.571325
0.931257
0.372137
0.067450
0.538630
0.630309
0.411106
0.538858
0.231331
0.823575
0.682105
0.832686
0.214435
0.970619
0.545625
0.726757
0.135895
0.390641
0.451000
0.570393
0.015112
0.387340
0.469155
0.146225
0.818071
0.560632
0.145950
0.210431
0.612670
0.872724
0.361196
0.930984
0.066941
0.107034
0.290251
0.697902
0.802198
0.609716
0.928714
0.619530
0.364447
0.962995
0.610543
0.755331
0.719088
0.168637
0.702366
0.343167
0.873452
0.189242
0.279813
0.542296
0.097474
0.068009
0.688834
