0.593805
0.965232
0.344960
0.099890
0.882581
0.377257
0.539087
0.117902
0.769415
0.905105
0.793023
0.281987
0.462813
0.118744
0.374407
0.834103
0.419182
0.804018
0.663402
0.369593
0.839431
0.569461
0.584062
0.946220
0.794000
0.274356
0.023616
0.152159
0.156583
0.891580
0.439661
0.890046
0.187426
0.636000
0.497709
0.709398
0.366874
0.520661
0.263015
0.539774
0.024184
0.233616
0.284957
0.353107
0.631613
0.346760
0.549192
0.789100
0.974748
0.552074
0.830245
0.529731
0.236395
0.944715
0.261540
0.103919
0.972242
0.796383
0.902289
0.567483
0.009228
0.409702
0.044011
0.318556
0.710919
0.894452
0.472721
0.274967
0.541722
0.222432
0.959769
0.711153
0.191705
0.309716
0.644067
0.981360
0.004028
0.220298
0.697196
0.477714
0.383768
0.890131
0.049552
0.964904
0.404811
0.137064
0.830755
0.475974
0.250962
0.988951
0.863192
0.489864
0.076576
0.121929
0.586172
0.630072
0.127049
0.776657
0.953406
0.463027
