0.622608
0.279039
0.023537
0.594275
0.034708
0.182560
0.241406
0.649169
0.643830
0.623437
0.562835
0.618938
0.005018
0.438931
0.169676
0.084154
0.595451
0.978959
0.408901
0.465602
0.944472
0.208513
0.143175
0.326447
0.043403
0.102391
0.391225
0.955478
0.349652
0.747020
0.720136
0.432912
0.836524
0.510532
0.007231
0.459605
0.359163
0.540118
0.374596
0.301788
0.283469
0.581486
0.311721
0.907488
0.533717
0.562951
0.566552
0.153303
0.988173
0.851447
0.670867
0.028896
0.723972
0.838931
0.277113
0.461742
0.545625
0.290888
0.090809
0.089185
0.550114
0.708696
0.640033
0.871170
0.169780
0.285193
0.652847
0.824091
0.523376
0.839231
0.153638
0.296746
0.511092
0.669801
0.693312
0.353564
0.797140
0.057450
0.303345
0.425401
0.831772
0.626398
0.135938
0.301788
0.720485
0.362587
0.309550
0.169989
0.985357
0.776435
0.804124
0.266357
0.312727
0.102122
0.720485
0.583711
0.295535
0.343346
0.749531
0.672288
