0.751126
0.255630
0.132227
0.097184
0.412412
0.301624
0.884948
0.674300
0.362866
0.589927
0.204597
0.321457
0.499263
0.097604
0.970194
0.249467
0.493835
0.805192
0.260658
0.711971
0.998588
0.939747
0.473587
0.703774
0.728147
0.202722
0.781746
0.475974
0.588518
0.170982
0.402329
0.326187
0.903017
0.470126
0.025154
0.309300
0.888071
0.051513
0.062668
0.562371
0.343973
0.590867
0.002404
0.983374
0.119322
0.445101
0.222432
0.683168
0.365846
0.060216
0.183892
0.836423
0.146547
0.777212
0.685176
0.720717
0.844101
0.300971
0.380791
0.258828
0.962655
0.786912
0.158540
0.402428
0.005855
0.728031
0.929819
0.765604
0.142545
0.089543
0.685648
0.125873
0.268979
0.670038
0.544476
0.897123
0.982183
0.914310
0.551843
0.894788
0.257153
0.308052
0.635645
0.204052
0.297069
0.891665
0.066551
0.796383
0.774769
0.422846
0.494056
0.961178
0.815769
0.701896
0.750784
0.863473
0.724436
0.633510
0.211177
0.899435
