0.093949
0.444472
0.735773
0.225696
0.606646
0.958072
0.533717
0.264348
0.304414
0.373649
0.521452
0.858178
0.753628
0.494056
0.661268
0.492399
0.944045
0.350650
0.063674
0.366033
0.619411
0.142006
0.873361
0.370534
0.658185
0.538973
0.850864
0.477822
0.466355
0.453965
0.202181
0.036093
0.861214
0.536914
0.666247
0.089424
0.642881
0.133624
0.429610
0.112921
0.614561
0.216143
0.422846
0.962215
0.189984
0.358517
0.894116
0.991104
0.028959
0.109156
0.926969
0.940444
0.201340
0.889618
0.303263
0.237828
0.611015
0.592159
0.770980
0.451529
0.765828
0.988695
0.683168
0.121851
0.156340
0.663521
0.239543
0.650711
0.082442
0.457579
0.960527
0.391420
0.238444
0.140401
0.730115
0.965418
0.603343
0.264200
0.047441
0.661742
0.333241
0.105362
0.834609
0.360086
0.165298
0.213994
0.570626
0.964810
0.922331
0.304085
0.170615
0.955586
0.863755
0.305569
0.487554
0.559589
0.991303
0.828816
0.262056
0.830958
