0.458325
0.412010
0.798866
0.230262
0.045883
0.982276
0.805939
0.672051
0.171087
0.126359
0.131765
0.155951
0.626517
0.739456
0.006843
0.362866
0.390641
0.201580
0.263829
0.435190
0.293044
0.856171
0.139914
0.220556
0.794434
0.720252
0.349833
0.902532
0.754537
0.813038
0.522810
0.514799
0.918443
0.657117
0.565506
0.279426
0.610425
0.213428
0.207774
0.490745
0.102932
0.654745
0.829123
0.704478
0.914765
0.178613
0.395723
0.460459
0.255486
0.988648
0.980182
0.387050
0.823368
0.133880
0.392981
0.645847
0.846761
0.757031
0.619885
0.205936
0.131891
0.234697
0.700487
0.877247
0.230395
0.913011
0.383961
0.453435
0.903984
0.474780
0.237213
0.391518
0.450260
0.223277
0.159033
0.986435
0.547810
0.095459
0.127702
0.892513
0.598747
0.323945
0.033910
0.302361
0.596039
0.426938
0.734043
0.626043
0.538744
0.094575
0.798435
0.465817
0.266208
0.015037
0.676903
0.944472
0.992543
0.074417
0.477061
0.300481
