0.900336
0.533033
0.009085
0.078683
0.318301
0.463992
0.218948
0.141113
0.676430
0.321970
0.353199
0.731272
0.180085
0.991460
0.685412
0.229729
0.960073
0.959514
0.409802
0.814930
0.301134
0.347120
0.267778
0.393861
0.192859
0.173142
0.262572
0.629598
0.592747
0.950372
0.152920
0.915371
0.895290
0.240163
0.224124
0.727336
0.044611
0.504382
0.485798
0.243280
0.160369
0.065368
0.924918
0.686946
0.639559
0.655694
0.307803
0.828816
0.322742
0.129554
0.269882
0.584531
0.604758
0.970914
0.862440
0.085668
0.185792
0.774213
0.731272
0.090778
0.760311
0.173406
0.895123
0.615507
0.889875
0.693077
0.695431
0.297393
0.494498
0.837327
0.670748
0.243908
0.656168
0.908119
0.164232
0.101987
0.752264
0.915069
0.850183
0.261687
0.453859
0.406404
0.538744
0.922331
0.702953
0.077808
0.592041
0.422948
0.381654
0.435604
0.495272
0.562603
0.761439
0.685648
0.370252
0.432705
0.856937
0.530869
0.041564
0.309633
