0.225761
0.651660
0.586289
0.791718
0.258901
0.621069
0.430228
0.807960
0.855980
0.499041
0.241614
0.925770
0.189071
0.074088
0.116914
0.612433
0.904866
0.708462
0.297393
0.092398
0.255992
0.122520
0.354112
0.966388
0.149190
0.472613
0.658422
0.302197
0.413419
0.120834
0.608653
0.858178
0.776102
0.043682
0.301624
0.013306
0.863286
0.603697
0.460566
0.407602
0.740605
0.277343
0.914614
0.831365
0.727452
0.052502
0.230395
0.712322
0.053264
0.565042
0.680096
0.942073
0.456940
0.276345
0.904625
0.519080
0.954394
0.141604
0.192744
0.448678
0.546085
0.652965
0.000996
0.608771
0.460886
0.516375
0.272453
0.504270
0.716058
0.430125
0.062994
0.384828
0.710919
0.605820
0.523602
0.133624
0.514911
0.653440
0.679032
0.311889
0.642406
0.012732
0.699077
0.863473
0.170825
0.905345
0.287714
0.845384
0.667905
0.469047
0.537143
0.881523
0.380408
0.587932
0.240577
0.310968
0.636356
0.223863
0.354112
0.641694
