0.846368
0.680687
0.955263
0.074646
0.289853
0.430125
0.779537
0.676312
0.473371
0.278113
0.247556
0.118399
0.347842
0.045171
0.359809
0.203870
0.513787
0.540232
0.174256
0.329049
0.890729
0.231398
0.917475
0.243768
0.961871
0.605348
0.356035
0.042194
0.934086
0.347120
0.245727
0.357229
0.434153
0.192744
0.567483
0.915674
0.028213
0.135206
0.947879
0.870804
0.618938
0.631494
0.728495
0.796924
0.721183
0.016442
0.560168
0.555770
0.976004
0.105570
0.618346
0.254403
0.620595
0.135249
0.524508
0.054360
0.672051
0.977619
0.860078
0.773099
0.770645
0.075438
0.263681
0.979508
0.623200
0.969376
0.295052
0.456089
0.063608
0.185400
0.538172
0.542296
0.744503
0.485798
0.014082
0.294569
0.534516
0.407402
0.365099
0.513562
0.857033
0.721880
0.622845
0.316605
0.994747
0.422540
0.728842
0.036566
0.830857
0.893190
0.022812
0.095808
0.630428
0.730578
0.771984
0.207037
0.236327
0.432808
0.830449
0.262646
