0.241683
0.998628
0.539431
0.369499
0.706705
0.662928
0.392493
0.315928
0.171612
0.954394
0.489093
0.995306
0.819842
0.788117
0.079084
0.259193
0.832077
0.452058
0.084296
0.657236
0.733697
0.873270
0.727452
0.093512
0.315421
0.744847
0.371288
0.138549
0.438827
0.607236
0.082192
0.818175
0.035807
0.532919
0.515586
0.499485
0.600043
0.182450
0.386663
0.051368
0.705064
0.589223
0.579848
0.500707
0.388406
0.687418
0.631376
0.986356
0.220943
0.211800
0.551612
0.460352
0.782407
0.155806
0.323085
0.981424
0.210058
0.034034
0.634222
0.175967
0.173831
0.154069
0.404911
0.728726
0.171244
0.364167
0.605820
0.814720
0.339066
0.400745
0.158049
0.297312
0.884336
0.749645
0.476191
0.721066
0.065368
0.190728
0.969072
0.081309
0.706588
0.594157
0.609598
0.432912
0.991787
0.985876
0.293926
0.419588
0.801983
0.818488
0.513450
0.162416
0.549307
0.100386
0.222237
0.945259
0.339066
0.972568
0.436227
0.351468
