0.047089
0.765267
0.300236
0.966663
0.484483
0.458005
0.495604
0.880992
0.124587
0.308884
0.401636
0.783839
0.027801
0.461314
0.021903
0.500040
0.988173
0.282844
0.950942
0.990511
0.108126
0.100551
0.867762
0.645965
0.899927
0.851835
0.861874
0.239199
0.899845
0.857319
0.171192
0.087998
0.679032
0.936395
0.957497
0.771650
0.102223
0.774658
0.872268
0.638254
0.245657
0.356127
0.823058
0.758842
0.773211
0.939365
0.554729
0.371288
0.618465
0.393079
0.650593
0.314662
0.268378
0.567599
0.397393
0.721880
0.287714
0.131513
0.879660
0.268528
0.622489
0.202481
0.419284
0.621897
0.844595
0.257298
0.494830
0.214246
0.574473
0.094764
0.290092
0.544017
0.176773
0.498375
0.867669
0.387825
0.618346
0.237350
0.246852
0.629953
0.594628
0.079111
0.311387
0.827280
0.594040
0.548616
0.358149
0.053489
0.164029
0.569112
0.376686
0.488104
0.271392
0.759520
0.125068
0.040244
0.301297
0.437994
0.452481
0.289933
