0.993709
0.039741
0.566785
0.757597
0.118898
0.013517
0.417256
0.439452
0.872450
0.497709
0.780200
0.628057
0.824297
0.685648
0.066230
0.155757
0.518855
0.644779
0.483607
0.380887
0.631732
0.302361
0.295052
0.398476
0.172613
0.713373
0.212738
0.866741
0.586876
0.767511
0.755558
0.758163
0.467431
0.509859
0.047139
0.780753
0.492399
0.858464
0.130676
0.112371
0.081612
0.911163
0.338268
0.116385
0.252176
0.864878
0.381846
0.403519
0.105432
0.894788
0.997343
0.543099
0.885471
0.153398
0.347210
0.607708
0.836624
0.335792
0.955317
0.062973
0.736810
0.706939
0.887121
0.868594
0.905425
0.918666
0.567367
0.765042
0.915220
0.167398
0.254475
0.480329
0.386663
0.957654
0.203145
0.709164
0.647626
0.116876
0.695431
0.604758
0.517163
0.903420
0.929475
0.918146
0.459818
0.869240
0.394253
0.332453
0.754082
0.223211
0.484483
0.003164
0.502376
0.986670
0.792044
0.411207
0.164637
0.014883
0.405508
0.568181
