0.633747
0.045753
0.012102
0.377924
0.060552
0.332978
0.740260
0.286688
0.301297
0.087206
0.143446
0.151732
0.852222
0.481311
0.864597
0.081501
0.181456
0.956281
0.510420
0.188843
0.920142
0.951282
0.509747
0.131052
0.550805
0.328353
0.030451
0.727684
0.954340
0.285507
0.052299
0.105778
0.737731
0.974164
0.675957
0.492068
0.768520
0.648932
0.024473
0.328266
0.491847
0.567018
0.149518
0.159675
0.436954
0.953406
0.474021
0.977727
0.943556
0.474780
0.022744
0.124867
0.425196
0.860268
0.858559
0.948348
0.602282
0.781856
0.070240
0.198717
0.927250
0.747362
0.064293
0.130384
0.182560
0.378115
0.845778
0.222172
0.608063
0.946875
0.791173
0.539545
0.316774
0.695078
0.075824
0.172983
0.550229
0.481311
0.512888
0.957287
0.838430
0.223928
0.316944
0.836020
0.225105
0.374217
0.471639
0.080734
0.235511
0.188502
0.542525
0.222561
0.638254
0.196710
0.528935
0.013114
0.198184
0.753969
0.954340
0.069832
