0.555423
0.327399
0.743014
0.002775
0.266507
0.648101
0.406404
0.698725
0.750442
0.118361
0.487115
0.882757
0.472937
0.530869
0.048598
0.282454
0.794000
0.105466
0.461207
0.356769
0.449838
0.437994
0.991976
0.077019
0.483826
0.133667
0.353472
0.448783
0.367155
0.920216
0.011304
0.042848
0.326014
0.014408
0.293365
0.201580
0.093015
0.003751
0.981584
0.764368
0.546315
0.952797
0.797788
0.543328
0.979948
0.880105
0.454177
0.168586
0.737731
0.410905
0.640626
0.993836
0.259705
0.907330
0.677258
0.569578
0.113695
0.752605
0.215003
0.156340
0.982647
0.647864
0.120211
0.474129
0.469802
0.364167
0.959769
0.221395
0.255920
0.541952
0.940507
0.515249
0.865625
0.582071
0.128646
0.362494
0.965604
0.123629
0.809340
0.159774
0.264348
0.285193
0.649406
0.158885
0.767623
0.902532
0.055846
0.118975
0.687182
0.864597
0.593334
0.060468
0.273822
0.565390
0.825019
0.197239
0.217733
0.701074
0.176881
0.468292
