0.393177
0.694372
0.297474
0.230195
0.984486
0.254763
0.940948
0.214372
0.902775
0.417458
0.110339
0.296100
0.996760
0.878322
0.646084
0.734735
0.017728
0.364633
0.165706
0.672761
0.842021
0.412111
0.432188
0.320004
0.254619
0.614325
0.609125
0.277574
0.905265
0.849306
0.487994
0.767960
0.732427
0.624029
0.739801
0.564345
0.399856
0.036553
0.140135
0.428376
0.638847
0.822333
0.743702
0.283626
0.676075
0.970279
0.388309
0.611842
0.610070
0.290410
0.656880
0.322399
0.594510
0.156632
0.892852
0.421012
0.497266
0.132692
0.469910
0.980579
0.722462
0.366593
0.702835
0.115295
0.292964
0.002323
0.047982
0.172033
0.283704
0.562835
0.809022
0.500262
0.239131
0.915975
0.135464
0.415234
0.767063
0.242863
0.689895
0.361196
0.400153
0.017795
0.638373
0.712672
0.812405
0.746791
0.487774
0.800588
0.631376
0.716641
0.660201
0.590749
0.300971
0.229263
0.433222
0.654745
0.802733
0.817026
0.327312
0.246359
