0.812194
0.425401
0.254691
0.290330
0.260878
0.763017
0.031793
0.933351
0.858273
0.010135
0.690720
0.961822
0.920069
0.041017
0.840030
0.200443
0.857319
0.948873
0.411207
0.685294
0.512663
0.736234
0.487994
0.253395
0.510756
0.757711
0.050293
0.347481
0.778652
0.883373
0.281131
0.793131
0.343435
0.428993
0.501597
0.916952
0.988672
0.466462
0.252749
0.355301
0.725713
0.847742
0.722113
0.157217
0.776879
0.558083
0.872815
0.475540
0.538515
0.618820
0.650474
0.977977
0.014563
0.884511
0.829939
0.720136
0.449099
0.812300
0.378115
0.784608
0.809022
0.064116
0.746448
0.424276
0.511765
0.892344
0.649999
0.436020
0.797680
0.582422
0.220878
0.236940
0.696020
0.776435
0.138110
0.439244
0.688834
0.749531
0.574940
0.659371
0.917251
0.978820
0.921095
0.280666
0.223211
0.952071
0.219205
0.191532
0.401042
0.221718
0.722345
0.146271
0.354112
0.345769
0.106789
0.546890
0.245026
0.162969
0.455664
0.959921
