0.012106
0.156729
0.159230
0.358978
0.935213
0.327572
0.574473
0.125228
0.885558
0.636949
0.505163
0.147655
0.052817
0.238719
0.032746
0.329136
0.172877
0.382230
0.247063
0.879482
0.366967
0.480656
0.456408
0.276268
0.282143
0.411106
0.205449
0.343256
0.266134
0.975362
0.051044
0.104295
0.922621
0.089543
0.781966
0.796708
0.422438
0.897372
0.006646
0.621897
0.537486
0.957811
0.094985
0.377067
0.245376
0.502153
0.225761
0.359163
0.268603
0.584414
0.227210
0.511317
0.920802
0.463885
0.199133
0.944957
0.934949
0.445416
0.932679
0.249326
0.457366
0.004108
0.306147
0.038240
0.559589
0.100088
0.495715
0.654864
0.070723
0.799512
0.439035
0.753060
0.370440
0.607000
0.427862
0.826767
0.911163
0.597216
0.165706
0.684231
0.017595
0.736464
0.847350
0.224451
0.825739
0.323687
0.995371
0.238787
0.749759
0.366967
0.862251
0.463563
0.773099
0.146134
0.638254
0.131639
0.720368
0.150080
0.768967
0.511653
