0.444262
0.197298
0.398574
0.079380
0.869332
0.497931
0.181897
0.346399
0.105224
0.557042
0.395821
0.660082
0.580550
0.715591
0.336940
0.534744
0.085553
0.635289
0.964052
0.991863
0.536800
0.243280
0.324720
0.148677
0.480547
0.517614
0.031828
0.831467
0.106369
0.594393
0.832584
0.498930
0.758163
0.380312
0.175003
0.378687
0.240853
0.786474
0.098285
0.480983
0.932139
0.706354
0.716757
0.783509
0.952963
0.253755
0.624266
0.598865
0.410905
0.555538
0.792371
0.266507
0.050864
0.611015
0.631376
0.348385
0.451317
0.349561
0.246218
0.499707
0.441540
0.101284
0.898117
0.546430
0.408801
0.050009
0.609480
0.422948
0.729652
0.895959
0.517050
0.323601
0.001871
0.355301
0.674300
0.301461
0.851931
0.209563
0.176289
0.209934
0.552420
0.640271
0.232875
0.758163
0.685648
0.492620
0.142680
0.786364
0.944897
0.706822
0.726409
0.287003
0.714658
0.941824
0.957340
0.040578
0.061038
0.272150
0.899024
0.781746
