0.453011
0.604404
0.970619
0.054781
0.876528
0.322914
0.625095
0.499041
0.715358
0.705181
0.083646
0.523376
0.081282
0.154021
0.735197
0.653796
0.282221
0.781084
0.372987
0.376971
0.541952
0.181677
0.056101
0.342094
0.613734
0.964621
0.665180
0.064094
0.463027
0.849599
0.936591
0.608299
0.789319
0.051586
0.217287
0.960928
0.739801
0.117331
0.251533
0.581954
0.965418
0.672169
0.059322
0.280355
0.707408
0.082026
0.497709
0.216587
0.462277
0.915824
0.921532
0.229463
0.588049
0.798219
0.024875
0.419893
0.389960
0.068643
0.809975
0.742097
0.037543
0.825945
0.882933
0.002575
0.245236
0.650237
0.905265
0.881611
0.564577
0.771873
0.561675
0.839031
0.919627
0.289377
0.982120
0.393763
0.007806
0.672643
0.963718
0.478693
0.369593
0.944836
0.010741
0.469910
0.696726
0.132523
0.552189
0.153111
0.693783
0.602517
0.901478
0.446362
0.338179
0.407302
0.879304
0.326706
0.852512
0.141917
0.713256
0.149190
