0.323859
0.923054
0.588988
0.818384
0.560632
0.415234
0.256935
0.706002
0.491186
0.199906
0.492178
0.781966
0.686592
0.460673
0.824091
0.577860
0.882229
0.599925
0.453117
0.668261
0.566087
0.581603
0.493172
0.022567
0.219141
0.850378
0.536686
0.007118
0.896791
0.239818
0.444367
0.501708
0.549998
0.938276
0.061570
0.813353
0.304414
0.086043
0.318216
0.015146
0.194893
0.700487
0.083365
0.104158
0.038102
0.668379
0.499041
0.597099
0.457685
0.254331
0.850475
0.474021
0.785706
0.590867
0.751581
0.277420
0.368279
0.413419
0.901152
0.443319
0.537600
0.129017
0.848231
0.555423
0.526550
0.172560
0.770868
0.857319
0.672051
0.003907
0.439140
0.373838
0.568064
0.865158
0.126846
0.312811
0.090536
0.714307
0.058644
0.425606
0.901152
0.212175
0.573890
0.764368
0.539660
0.347662
0.422132
0.510195
0.365566
0.097088
0.092459
0.211488
0.754082
0.772876
0.344691
0.134392
0.283704
0.476626
0.620003
0.845581
