0.966526
0.429713
0.946578
0.364820
0.740145
0.275349
0.420706
0.513000
0.797032
0.149004
0.924846
0.350650
0.348385
0.428684
0.952071
0.698842
0.098025
0.262867
0.631257
0.835416
0.272833
0.745762
0.128646
0.453541
0.055768
0.571208
0.963189
0.084296
0.652965
0.488873
0.310801
0.782738
0.823161
0.879927
0.284408
0.503824
0.762904
0.968192
0.633866
0.454071
0.851544
0.014222
0.354935
0.868964
0.451529
0.568297
0.566669
0.293525
0.726989
0.388406
0.118629
0.527685
0.574707
0.524622
0.088708
0.095936
0.164080
0.050810
0.798435
0.111642
0.124987
0.649169
0.598982
0.039727
0.786474
0.983464
0.936591
0.940948
0.915069
0.854924
0.742670
0.148073
0.860457
0.686356
0.828816
0.147378
0.570393
0.494830
0.979914
0.010770
0.612197
0.989892
0.197770
0.708813
0.651423
0.588166
0.140846
0.996861
0.017259
0.853479
0.597099
0.080054
0.088649
0.477931
0.261467
0.366313
0.201400
0.051695
0.939811
0.291765
