0.517614
0.717224
0.121068
0.061335
0.820985
0.400647
0.751126
0.554152
0.779205
0.308717
0.186917
0.789537
0.484921
0.863848
0.666484
0.079703
0.153494
0.959054
0.968059
0.447519
0.497376
0.312727
0.575524
0.012786
0.998689
0.569810
0.293926
0.865345
0.431053
0.878322
0.079138
0.486456
0.907725
0.634933
0.133837
0.605348
0.656999
0.577860
0.241960
0.108303
0.112738
0.978295
0.640389
0.267703
0.782077
0.849599
0.400449
0.614443
0.329658
0.505833
0.943740
0.870069
0.157217
0.657948
0.826870
0.881169
0.410203
0.735312
0.728958
0.718389
0.916201
0.380504
0.261540
0.843409
0.686592
0.819946
0.190613
0.125188
0.319322
0.051823
0.506168
0.255920
0.332978
0.942073
0.457792
0.258463
0.483607
0.936722
0.212613
0.321029
0.626635
0.029066
0.930094
0.817757
0.152349
0.426528
0.568646
0.162567
0.959718
0.458431
0.278653
0.395821
0.587814
0.874632
0.296584
0.619648
0.465172
0.109299
0.512663
0.653321
