0.762116
0.599571
0.100154
0.437890
0.282376
0.996278
0.124587
0.862816
0.262867
0.045672
0.457259
0.870528
0.294408
0.750214
0.615271
0.482731
0.372231
0.252463
0.583945
0.547810
0.390057
0.288901
0.972527
0.479892
0.939110
0.360918
0.018403
0.031898
0.210244
0.674773
0.290967
0.080871
0.100088
0.056990
0.223277
0.214057
0.863004
0.214246
0.746677
0.917401
0.992418
0.510980
0.720717
0.141648
0.139208
0.502265
0.982892
0.989450
0.544591
0.546085
0.426733
0.578678
0.062214
0.286136
0.790737
0.290012
0.406803
0.072018
0.308717
0.013863
0.028547
0.481311
0.648932
0.182782
0.931257
0.668261
0.611842
0.775436
0.253467
0.231532
0.900581
0.683286
0.917475
0.437474
0.462813
0.250178
0.628413
0.527458
0.105709
0.843013
0.485908
0.494609
0.597452
0.950657
0.897869
0.284330
0.536914
0.669564
0.755331
0.409702
0.004156
0.611133
0.520322
0.166371
0.595686
0.359255
0.181622
0.549768
0.679741
0.891920
