0.352105
0.923198
0.277036
0.415436
0.605112
0.889103
0.962166
0.578094
0.170250
0.688598
0.687300
0.059757
0.221072
0.088768
0.664232
0.009994
0.016066
0.059281
0.744847
0.799835
0.060720
0.779095
0.361381
0.405508
0.531438
0.997740
0.540232
0.859794
0.623674
0.673353
0.594981
0.153925
0.344870
0.277959
0.426016
0.201580
0.423458
0.969246
0.421521
0.239750
0.451952
0.149284
0.258171
0.480329
0.837628
0.213931
0.258171
0.550920
0.298447
0.132101
0.941762
0.836926
0.530983
0.215826
0.958539
0.724204
0.548846
0.505833
0.643355
0.333329
0.708111
0.508963
0.736464
0.900499
0.981837
0.221718
0.417053
0.590044
0.127375
0.401438
0.340222
0.799620
0.660319
0.498264
0.618465
0.331840
0.456727
0.114623
0.947408
0.348746
0.181732
0.837428
0.865531
0.520887
0.403420
0.813985
0.338268
0.549537
0.020802
0.297555
0.685766
0.408201
0.613615
0.921823
0.755331
0.305982
0.446782
0.787569
0.493393
0.677731
