0.833395
0.903340
0.506391
0.422642
0.201400
0.279890
0.293285
0.853286
0.187708
0.376876
0.764368
0.205692
0.519419
0.021076
0.540118
0.403519
0.782518
0.721415
0.031161
0.550920
0.201160
0.487664
0.151400
0.500818
0.476191
0.598629
0.817966
0.165095
0.153829
0.251176
0.063961
0.747134
0.857128
0.834204
0.737155
0.203809
0.777434
0.316097
0.722927
0.991184
0.367623
0.952797
0.715474
0.341112
0.201880
0.744961
0.190900
0.258244
0.659845
0.227144
0.334911
0.870161
0.898199
0.936852
0.111496
0.938662
0.035613
0.599571
0.851350
0.032414
0.690366
0.517276
0.990615
0.096510
0.326274
0.578795
0.325669
0.244466
0.215826
0.643237
0.840229
0.313988
0.478911
0.008272
0.059570
0.820882
0.439765
0.462491
0.656050
0.423152
0.337382
0.148165
0.470990
0.973810
0.028224
0.773990
0.220556
0.897289
0.400548
0.675365
0.086158
0.398377
0.497709
0.784498
0.412010
0.640626
0.797032
0.403122
0.698842
0.838931
