0.986197
0.722927
0.628176
0.555192
0.511990
0.795951
0.011338
0.026461
0.005574
0.385793
0.069259
0.949510
0.832686
0.168482
0.097798
0.463563
0.196592
0.283860
0.174629
0.253899
0.245516
0.498930
0.931733
0.963478
0.108090
0.039713
0.137107
0.171034
0.720950
0.469155
0.617636
0.928991
0.211613
0.383768
0.873906
0.603343
0.481748
0.038641
0.460245
0.307389
0.026044
0.343794
0.595804
0.965928
0.079084
0.830449
0.810610
0.936265
0.618938
0.178395
0.874451
0.906459
0.674300
0.738651
0.789319
0.073009
0.858273
0.413117
0.365659
0.037556
0.460138
0.796491
0.950257
0.409602
0.444052
0.252678
0.565739
0.882229
0.780421
0.441644
0.345589
0.334911
0.442586
0.611133
0.590749
0.408701
0.180194
0.713256
0.401636
0.322656
0.401438
0.822644
0.796167
0.747248
0.009924
0.596275
0.279735
0.370816
0.831670
0.665299
0.069832
0.065458
0.878769
0.605230
0.332540
0.936657
0.436643
0.087059
0.769303
0.311470
