0.480001
0.559589
0.509971
0.843211
0.343973
0.850670
0.727452
0.945440
0.108373
0.812089
0.036858
0.034569
0.447729
0.043217
0.161215
0.449838
0.151400
0.070409
0.239681
0.464099
0.013265
0.163574
0.724088
0.640033
0.542181
0.464850
0.560980
0.417458
0.393372
0.963861
0.763467
0.816712
0.993168
0.353472
0.781966
0.007282
0.055631
0.058808
0.434982
0.471747
0.809022
0.293044
0.919184
0.610779
0.536571
0.334559
0.760085
0.075310
0.400745
0.857987
0.364354
0.430744
0.521339
0.696843
0.551382
0.138505
0.888501
0.695196
0.143266
0.547465
0.393568
0.381270
0.377067
0.346669
0.146962
0.545166
0.240784
0.213177
0.789210
0.569578
0.743931
0.045688
0.475865
0.172402
0.581369
0.795842
0.958435
0.175056
0.535087
0.570160
0.080516
0.919553
0.733813
0.275196
0.908590
0.176666
0.255052
0.439452
0.727800
0.154309
0.667787
0.491296
0.874451
0.426118
0.819322
0.458111
0.911085
0.014485
0.806258
0.420198
