0.857701
0.427759
0.153303
0.083337
0.964527
0.913623
0.145813
0.716291
0.422234
0.785487
0.839830
0.705416
0.865065
0.324978
0.167810
0.327746
0.720717
0.559010
0.741867
0.853286
0.328788
0.337117
0.161465
0.477387
0.639203
0.866090
0.611724
0.953019
0.498264
0.624977
0.528026
0.755218
0.996455
0.485798
0.711270
0.331053
0.595686
0.634222
0.010800
0.687418
0.488543
0.298122
0.915975
0.070481
0.503156
0.163524
0.762679
0.258171
0.277805
0.318386
0.162567
0.186523
0.914917
0.646677
0.854443
0.102594
0.625806
0.203386
0.338534
0.216841
0.544476
0.574123
0.012974
0.132101
0.735658
0.613852
0.152634
0.900989
0.215762
0.293285
0.728611
0.931325
0.513225
0.265314
0.494166
0.113216
0.321799
0.246500
0.942817
0.492730
0.805832
0.607000
0.057913
0.039641
0.213680
0.034394
0.864410
0.846368
0.736464
0.910231
0.304167
0.617045
0.807642
0.050613
0.596628
0.101017
0.478911
0.194078
0.099133
0.191015
