0.369875
0.263089
0.578211
0.571441
0.173036
0.390933
0.299910
0.968369
0.384732
0.765042
0.497155
0.383864
0.160518
0.506726
0.297150
0.994459
0.690956
0.268678
0.740490
0.107279
0.403619
0.688716
0.635763
0.317113
0.525189
0.966526
0.147147
0.410504
0.549537
0.129430
0.680923
0.905265
0.788773
0.970576
0.870253
0.890558
0.767735
0.509971
0.769415
0.273594
0.977798
0.036237
0.074417
0.210741
0.519645
0.066665
0.036991
0.654152
0.603579
0.625806
0.895290
0.612433
0.918146
0.697314
0.120600
0.726409
0.485469
0.802733
0.945380
0.876348
0.179921
0.445626
0.876528
0.296746
0.324031
0.901315
0.473046
0.362587
0.736810
0.817757
0.693665
0.983043
0.780200
0.501041
0.367061
0.934684
0.042043
0.181622
0.727916
0.190785
0.304003
0.849988
0.664706
0.389766
0.976710
0.561675
0.022191
0.919553
0.283704
0.277728
0.744503
0.821919
0.122283
0.430434
0.483607
0.351923
0.460566
0.741523
0.467000
0.347662
