0.095999
0.837628
0.874179
0.137281
0.815665
0.129099
0.623437
0.389086
0.137456
0.117179
0.120756
0.217861
0.300971
0.213742
0.513450
0.383672
0.636475
0.809975
0.202361
0.388406
0.663995
0.988293
0.519532
0.588988
0.658541
0.971707
0.274814
0.626754
0.132101
0.456089
0.509523
0.795518
0.008589
0.774324
0.956707
0.957654
0.965928
0.798974
0.793457
0.658778
0.303017
0.147609
0.269581
0.863661
0.182284
0.417864
0.830449
0.291605
0.558662
0.183558
0.966981
0.259412
0.315421
0.611842
0.217989
0.931733
0.402726
0.203809
0.232337
0.405807
0.749873
0.959616
0.212864
0.402726
0.393666
0.939238
0.246429
0.015268
0.263607
0.552651
0.948465
0.459818
0.802626
0.072141
0.435397
0.645135
0.603343
0.512551
0.937372
0.543672
0.176343
0.442900
0.376971
0.884074
0.865625
0.026815
0.242863
0.067381
0.324461
0.152873
0.688126
0.471206
0.262646
0.293686
0.729074
0.157902
0.788773
0.444786
0.760311
0.681632
