0.196240
0.111787
0.475323
0.225171
0.987461
0.034745
0.732889
0.122205
0.678086
0.719903
0.931121
0.359717
0.086797
0.662572
0.126968
0.776879
0.040490
0.011880
0.299178
0.149658
0.460459
0.506950
0.681869
0.846761
0.242793
0.710451
0.291925
0.297636
0.422846
0.145629
0.775880
0.160071
0.532919
0.858083
0.407402
0.563184
0.460245
0.984429
0.357504
0.539202
0.927109
0.614798
0.762904
0.159527
0.486127
0.370911
0.122087
0.337294
0.983043
0.762228
0.068549
0.173459
0.075233
0.896708
0.301052
0.822644
0.961674
0.571092
0.730115
0.475214
0.799404
0.584765
0.010229
0.109191
0.219847
0.200622
0.402726
0.535429
0.493282
0.963526
0.757937
0.942693
0.548386
0.786255
0.600867
0.641576
0.099989
0.715708
0.481857
0.262351
0.323343
0.613142
0.284800
0.040885
0.030630
0.574123
0.535886
0.598158
0.986356
0.760085
0.410003
0.282923
0.882845
0.764930
0.138812
0.464421
0.990800
0.903823
0.201880
0.029034
