0.880903
0.903501
0.649525
0.990406
0.454389
0.546430
0.320944
0.648694
0.584062
0.040186
0.152968
0.251819
0.810187
0.634222
0.305569
0.326966
0.839830
0.843310
0.899024
0.836926
0.604758
0.654745
0.543213
0.316605
0.412412
0.727684
0.849111
0.174256
0.514574
0.384732
0.755444
0.469478
0.845089
0.406604
0.963670
0.480765
0.946101
0.431259
0.186974
0.375260
0.124707
0.506950
0.174203
0.548616
0.919110
0.328006
0.299259
0.561095
0.465602
0.500929
0.499707
0.378974
0.431982
0.062690
0.654864
0.708930
0.140668
0.626043
0.182173
0.525869
0.161515
0.081254
0.469047
0.651542
0.616572
0.481092
0.950429
0.472396
0.758616
0.454177
0.602635
0.683404
0.167604
0.821297
0.089036
0.463563
0.787241
0.933886
0.659608
0.608417
0.829531
0.613852
0.012389
0.004601
0.055631
0.823988
0.503156
0.203930
0.191475
0.770086
0.677613
0.034182
0.750784
0.119553
0.780863
0.176558
0.602400
0.694136
0.196122
0.401636
