0.318556
0.740834
0.146916
0.822126
0.904625
0.105639
0.607354
0.103509
0.523149
0.844793
0.297069
0.709164
0.469155
0.832787
0.557968
0.856841
0.363702
0.816607
0.299992
0.487774
0.608771
0.706705
0.459284
0.193439
0.951902
0.947290
0.090385
0.835214
0.389377
0.978576
0.291925
0.728379
0.573773
0.706002
0.139032
0.606410
0.525529
0.259193
0.760311
0.336852
0.217925
0.552651
0.508068
0.595569
0.758955
0.542066
0.080679
0.538286
0.880282
0.667076
0.532577
0.838631
0.588636
0.781966
0.341380
0.778209
0.959002
0.976636
0.478911
0.553459
0.610661
0.543099
0.309466
0.034009
0.954503
0.834710
0.117902
0.230262
0.708462
0.972527
0.994221
0.401735
0.148212
0.908040
0.915975
0.031527
0.013804
0.639677
0.395232
0.979303
0.517839
0.965511
0.397589
0.384153
0.714424
0.722694
0.459178
0.657948
0.215193
0.924918
0.978295
0.675957
0.052373
0.751126
0.309383
0.517952
0.309633
0.646321
0.669327
0.956068
