0.402527
0.048186
0.127702
0.253971
0.953019
0.662572
0.740834
0.003423
0.888501
0.229529
0.092582
0.961476
0.169416
0.433946
0.555654
0.011290
0.019392
0.454071
0.862722
0.219912
0.816503
0.016194
0.705416
0.845089
0.767735
0.970830
0.332540
0.359347
0.730115
0.846958
0.310801
0.654982
0.308385
0.988364
0.977149
0.775213
0.818592
0.180249
0.793023
0.313568
0.527912
0.495162
0.090054
0.685530
0.823368
0.725945
0.291127
0.966480
0.048169
0.862534
0.164282
0.747819
0.092336
0.121224
0.841424
0.555654
0.918814
0.117065
0.807960
0.382614
0.273518
0.215319
0.933618
0.454283
0.980148
0.939556
0.392493
0.317537
0.096191
0.896791
0.384442
0.166166
0.587110
0.149237
0.322485
0.180304
0.331228
0.683877
0.979337
0.203326
0.263311
0.769191
0.904224
0.348023
0.657829
0.128852
0.020187
0.563648
0.414225
0.458964
0.217223
0.517614
0.475648
0.030753
0.449838
0.804338
0.783398
0.089155
0.910076
0.684940
