0.391323
0.413519
0.523149
0.901071
0.466893
0.706002
0.956759
0.719554
0.765716
0.615744
0.392981
0.360363
0.213994
0.727452
0.565506
0.669090
0.421521
0.235240
0.765267
0.480001
0.010458
0.414830
0.624858
0.344960
0.691545
0.510420
0.702718
0.235783
0.472396
0.622489
0.426836
0.753742
0.082609
0.160817
0.991538
0.223342
0.377448
0.360363
0.622371
0.078790
0.700722
0.686002
0.381079
0.004401
0.836020
0.693665
0.265314
0.996119
0.361289
0.270561
0.785267
0.121615
0.039884
0.334911
0.161865
0.038171
0.157902
0.428068
0.417053
0.390349
0.709047
0.755785
0.003092
0.946756
0.443947
0.386663
0.623674
0.616453
0.156827
0.830347
0.259925
0.738306
0.488324
0.118668
0.053677
0.726525
0.711620
0.608889
0.704712
0.940001
0.342719
0.650474
0.744847
0.615152
0.845877
0.297474
0.174523
0.190900
0.586172
0.444891
0.020089
0.787898
0.931257
0.512888
0.819842
0.663165
0.299666
0.981837
0.558662
0.260805
