0.678204
0.201340
0.991382
0.203145
0.052502
0.699665
0.809764
0.970661
0.622608
0.269656
0.818905
0.539087
0.563648
0.596039
0.975286
0.797356
0.439452
0.146225
0.877785
0.283704
0.068643
0.882141
0.331840
0.498375
0.243629
0.568996
0.138329
0.723275
0.063564
0.692488
0.333680
0.289377
0.709047
0.434671
0.695667
0.221589
0.769639
0.886861
0.002963
0.434568
0.816921
0.734389
0.205510
0.449627
0.445521
0.994473
0.774324
0.700487
0.858178
0.643355
0.919848
0.144080
0.636712
0.672880
0.877336
0.924704
0.422744
0.183725
0.573540
0.226419
0.569578
0.111642
0.085697
0.640864
0.360918
0.495604
0.583242
0.101652
0.034083
0.085208
0.572257
0.450577
0.675247
0.308385
0.220298
0.136717
0.075361
0.103000
0.934352
0.527344
0.121029
0.241614
0.634933
0.401438
0.204415
0.189128
0.143311
0.666128
0.756125
0.978820
0.086477
0.339777
0.339777
0.326879
0.001142
0.798219
0.220620
0.329049
0.750670
0.984053
