0.408801
0.710919
0.326533
0.431569
0.379643
0.100518
0.801125
0.634222
0.671340
0.116649
0.282143
0.325496
0.304085
0.393959
0.011559
0.503601
0.452269
0.974979
0.381175
0.051878
0.623910
0.193439
0.636119
0.261761
0.739226
0.173194
0.812722
0.282065
0.747248
0.934617
0.280743
0.322142
0.492951
0.605938
0.426016
0.137499
0.413419
0.724204
0.771650
0.827485
0.142231
0.388019
0.413419
0.056791
0.416547
0.371288
0.044818
0.574824
0.059591
0.339244
0.400647
0.450683
0.861874
0.844299
0.580199
0.581603
0.900908
0.577393
0.372703
0.369875
0.500040
0.849988
0.348746
0.019038
0.329049
0.554036
0.241060
0.152444
0.380791
0.016170
0.622608
0.817653
0.759181
0.573773
0.021595
0.957445
0.948055
0.151969
0.009613
0.199549
0.710100
0.108480
0.198421
0.352014
0.733004
0.055205
0.516037
0.449310
0.288426
0.968014
0.221007
0.192339
0.227210
0.897538
0.386373
0.711854
0.126602
0.967252
0.708111
0.433843
