0.192686
0.734966
0.266805
0.474346
0.685648
0.623674
0.687890
0.651304
0.501486
0.757144
0.288267
0.473587
0.941136
0.178830
0.798758
0.758276
0.208328
0.786145
0.953627
0.846368
0.392005
0.596275
0.941886
0.309217
0.571441
0.166781
0.688244
0.305816
0.538744
0.271771
0.579965
0.678795
0.032213
0.853093
0.030196
0.882405
0.532235
0.109013
0.322570
0.170406
0.904224
0.385697
0.544936
0.936852
0.277728
0.171454
0.185848
0.281287
0.403817
0.138724
0.130885
0.023155
0.330878
0.291206
0.547925
0.033396
0.488214
0.340044
0.779979
0.725597
0.287951
0.781525
0.210120
0.450789
0.836524
0.703422
0.361659
0.158196
0.278962
0.493282
0.418878
0.213240
0.575641
0.937242
0.193729
0.181732
0.321885
0.270561
0.333505
0.445416
0.043760
0.697784
0.228201
0.804979
0.328093
0.518967
0.186467
0.154502
0.767960
0.849501
0.285193
0.540461
0.148305
0.660319
0.327833
0.018570
0.842319
0.422030
0.730578
0.015043
