0.348927
0.168586
0.289536
0.998171
0.709281
0.104090
0.474671
0.433222
0.698019
0.638135
0.426631
0.357688
0.039019
0.627465
0.369593
0.919627
0.218564
0.541952
0.372137
0.215193
0.790846
0.467215
0.037869
0.109370
0.615271
0.740834
0.190556
0.715941
0.042330
0.748960
0.827588
0.834811
0.678441
0.116045
0.604758
0.875987
0.434775
0.568996
0.598511
0.295696
0.037842
0.747933
0.790955
0.635763
0.987955
0.823781
0.519645
0.500818
0.823058
0.773767
0.619056
0.310801
0.543558
0.524508
0.003090
0.016498
0.885210
0.076082
0.777655
0.707993
0.708696
0.656880
0.280976
0.586172
0.617636
0.378401
0.865158
0.689070
0.863192
0.407602
0.524055
0.265612
0.235647
0.119940
0.246008
0.017775
0.834407
0.402428
0.513674
0.323945
0.141648
0.529049
0.659489
0.453435
0.910387
0.242099
0.217414
0.679623
0.148444
0.184505
0.202963
0.116158
0.091722
0.492730
0.093512
0.915069
0.519645
0.703070
0.250463
0.512327
