0.355301
0.317283
0.888415
0.659371
0.930232
0.777877
0.601221
0.324289
0.681632
0.267778
0.464206
0.432912
0.862440
0.875356
0.392688
0.207651
0.623674
0.289853
0.542525
0.470666
0.652728
0.715941
0.509187
0.116347
0.584297
0.310300
0.505498
0.723507
0.665654
0.027153
0.363981
0.521679
0.911549
0.851738
0.040042
0.219141
0.063279
0.821608
0.147841
0.016561
0.948989
0.589105
0.742441
0.298690
0.321029
0.843706
0.515024
0.959769
0.083759
0.821712
0.158098
0.542296
0.285429
0.377829
0.631969
0.396901
0.192859
0.405508
0.421928
0.366313
0.432705
0.572374
0.286058
0.768408
0.657829
0.706119
0.495383
0.251533
0.117331
0.345319
0.888501
0.000312
0.459925
0.304085
0.007980
0.458644
0.964147
0.930711
0.391810
0.866370
0.226353
0.624147
0.170825
0.499041
0.355851
0.412211
0.980082
0.091082
0.706588
0.342094
0.402329
0.737270
0.255775
0.332277
0.581720
0.576925
0.207712
0.091998
0.476952
0.539545
