0.136327
0.966434
0.691781
0.929406
0.993185
0.717690
0.816398
0.025833
0.572024
0.276959
0.885732
0.698254
0.539431
0.546200
0.277959
0.666839
0.868317
0.108444
0.358609
0.106230
0.923198
0.931257
0.458964
0.900826
0.271014
0.752832
0.695078
0.152873
0.070336
0.477387
0.681041
0.684113
0.353107
0.503044
0.720601
0.388019
0.050774
0.440391
0.599336
0.536114
0.189926
0.650237
0.191878
0.016017
0.395330
0.281676
0.055963
0.589692
0.923126
0.086914
0.283313
0.507844
0.300726
0.883899
0.532805
0.603814
0.982800
0.332365
0.966708
0.543213
0.237691
0.173142
0.175377
0.625687
0.630546
0.048306
0.458005
0.566785
0.252606
0.132903
0.041490
0.504382
0.680805
0.333768
0.707759
0.144580
0.779869
0.984256
0.589223
0.452375
0.645135
0.211800
0.352378
0.049851
0.646796
0.711387
0.528935
0.143085
0.997926
0.950543
0.168845
0.296423
0.270561
0.041803
0.935871
0.013507
0.939493
0.144489
0.034158
0.531780
