0.515474
0.854924
0.066826
0.465065
0.611724
0.984111
0.735542
0.272605
0.172507
0.943433
0.021290
0.776768
0.788117
0.386373
0.350559
0.223081
0.884861
0.484702
0.643474
0.223277
0.590749
0.656880
0.178341
0.016561
0.605820
0.972119
0.381366
0.409903
0.362587
0.933217
0.056258
0.363516
0.690602
0.801554
0.136413
0.154213
0.364726
0.908119
0.282299
0.589340
0.869517
0.068714
0.179102
0.579380
0.277497
0.574240
0.956175
0.603697
0.888243
0.766838
0.466247
0.721764
0.464850
0.971913
0.139561
0.460032
0.643118
0.376496
0.548156
0.893443
0.310050
0.538858
0.302279
0.624266
0.211177
0.935411
0.871445
0.853672
0.271923
0.621897
0.456408
0.761214
0.507285
0.898447
0.691545
0.001695
0.738881
0.319152
0.042604
0.354661
0.310300
0.968853
0.880903
0.017291
0.675720
0.385986
0.778541
0.422438
0.464206
0.500596
0.070554
0.069521
0.108373
0.821089
0.707876
0.113105
0.169364
0.804659
0.543328
0.249538
