0.724785
0.766053
0.838430
0.087469
0.297717
0.209934
0.738421
0.696961
0.569694
0.378019
0.256282
0.158295
0.391323
0.428273
0.534402
0.730809
0.425094
0.532463
0.298772
0.773990
0.771761
0.153255
0.515249
0.680923
0.479783
0.942570
0.253395
0.719437
0.051896
0.050864
0.019663
0.556463
0.447835
0.569345
0.305982
0.725945
0.590044
0.014585
0.639203
0.385503
0.061442
0.136283
0.662809
0.101351
0.081474
0.538630
0.359163
0.343167
0.055963
0.887294
0.908982
0.319322
0.079165
0.849013
0.098773
0.786255
0.457153
0.038893
0.238033
0.439244
0.880814
0.445941
0.299666
0.734389
0.937047
0.552305
0.466140
0.186523
0.879749
0.362773
0.057771
0.287003
0.103339
0.101719
0.197652
0.033947
0.044357
0.395821
0.163171
0.129554
0.315252
0.479892
0.712205
0.518742
0.111061
0.772207
0.399067
0.963957
0.465925
0.333768
0.596510
0.635289
0.643474
0.937047
0.974671
0.695549
0.984685
0.650593
0.235240
0.981520
