0.345769
0.297393
0.031643
0.704478
0.106964
0.470234
0.666721
0.959259
0.700722
0.847448
0.306809
0.224124
0.374976
0.077202
0.458538
0.286215
0.615271
0.774769
0.045139
0.451740
0.569694
0.330966
0.447835
0.690013
0.588166
0.945199
0.071649
0.016769
0.218692
0.403023
0.200145
0.109800
0.542181
0.382999
0.851641
0.617636
0.523149
0.010998
0.263533
0.420503
0.153685
0.714541
0.501041
0.074798
0.118055
0.714891
0.232942
0.876438
0.825534
0.135981
0.669090
0.511317
0.388212
0.621542
0.398870
0.212550
0.245306
0.525302
0.993945
0.675010
0.298528
0.003199
0.444681
0.080298
0.894200
0.800695
0.680332
0.144443
0.190843
0.312476
0.824607
0.368466
0.476083
0.934152
0.022092
0.349471
0.658066
0.756465
0.236123
0.351104
0.022778
0.096895
0.575524
0.593569
0.997466
0.432498
0.988341
0.012805
0.684349
0.050846
0.159675
0.591336
0.611488
0.636000
0.961624
0.512439
0.586055
0.341291
0.674655
0.028853
