0.066505
0.611961
0.491076
0.216396
0.180468
0.110051
0.726873
0.750556
0.334735
0.313568
0.498819
0.452905
0.188559
0.873543
0.143311
0.233616
0.928991
0.598394
0.290808
0.479238
0.507621
0.825842
0.545051
0.107279
0.264719
0.120756
0.688480
0.148817
0.512327
0.450472
0.926124
0.068903
0.156000
0.996038
0.279271
0.111824
0.699430
0.561907
0.564345
0.370722
0.081199
0.456833
0.215003
0.170145
0.348746
0.439348
0.902856
0.992125
0.616453
0.872633
0.048101
0.403023
0.788991
0.925982
0.013439
0.688126
0.775325
0.647864
0.162416
0.106195
0.495936
0.152634
0.119862
0.597805
0.041017
0.325151
0.397983
0.897123
0.072810
0.111496
0.278962
0.877426
0.392884
0.980513
0.159181
0.890302
0.407202
0.704830
0.063016
0.226287
0.960275
0.271090
0.625095
0.727336
0.181126
0.659489
0.002590
0.076706
0.171559
0.620358
0.674300
0.318982
0.699195
0.778984
0.666958
0.193497
0.924060
0.910853
0.410805
0.928991
