0.666602
0.198539
0.575057
0.294730
0.110916
0.508292
0.313231
0.905025
0.790192
0.997449
0.819218
0.981005
0.000142
0.178993
0.818384
0.519871
0.599925
0.828714
0.602871
0.357321
0.227870
0.581837
0.860836
0.422030
0.574007
0.866649
0.091539
0.782848
0.183614
0.473046
0.322914
0.360178
0.542066
0.534402
0.600160
0.072289
0.184282
0.114029
0.907330
0.777101
0.557157
0.228665
0.872633
0.993532
0.880016
0.892344
0.954340
0.737846
0.679387
0.920948
0.862440
0.700840
0.666010
0.549077
0.948698
0.862440
0.350468
0.746905
0.435293
0.842120
0.800480
0.934086
0.101954
0.665061
0.578678
0.496490
0.566669
0.438098
0.583008
0.308468
0.435604
0.237828
0.729305
0.332190
0.300971
0.543787
0.796816
0.543787
0.057671
0.632561
0.057771
0.738766
0.515361
0.585469
0.035561
0.228135
0.686946
0.536343
0.979372
0.856650
0.566204
0.767399
0.399560
0.316859
0.787351
0.769415
0.673235
0.028390
0.047441
0.631376
