0.611252
0.742441
0.104501
0.042104
0.549883
0.586876
0.554729
0.745762
0.393470
0.577510
0.955100
0.585703
0.535429
0.570043
0.563764
0.331577
0.282143
0.795409
0.644898
0.627820
0.616572
0.844200
0.183003
0.505721
0.893105
0.143311
0.004929
0.076915
0.297069
0.555770
0.404811
0.570043
0.004496
0.910231
0.776879
0.240508
0.498153
0.779316
0.332891
0.396312
0.396901
0.921532
0.246500
0.777101
0.267254
0.067381
0.551958
0.989180
0.174629
0.913547
0.667787
0.132776
0.341826
0.092459
0.719204
0.720950
0.059716
0.687890
0.970194
0.137630
0.935740
0.049974
0.961921
0.363702
0.581837
0.634577
0.981069
0.880548
0.320602
0.921605
0.604876
0.832280
0.041983
0.263237
0.015256
0.725713
0.662809
0.238856
0.840130
0.070144
0.766390
0.500040
0.870253
0.864410
0.263237
0.254331
0.030630
0.679150
0.487335
0.324892
0.831264
0.039471
0.276038
0.248475
0.285429
0.022778
0.289297
0.621187
0.992998
0.666484
