0.680096
0.168793
0.459818
0.842715
0.132312
0.390447
0.337648
0.710451
0.930848
0.545510
0.217733
0.910698
0.135679
0.977475
0.811772
0.126683
0.839630
0.712789
0.835416
0.287398
0.342005
0.257516
0.133710
0.044342
0.729305
0.630902
0.243978
0.256427
0.656168
0.039357
0.908040
0.149424
0.745304
0.506950
0.084325
0.327833
0.042527
0.861686
0.990573
0.921605
0.213617
0.953351
0.740719
0.441749
0.159724
0.717573
0.160468
0.291127
0.410705
0.940128
0.757711
0.590867
0.803055
0.632324
0.139605
0.405906
0.125994
0.056258
0.046706
0.071723
0.965325
0.993434
0.764368
0.231867
0.246500
0.906935
0.659134
0.287161
0.014877
0.609125
0.669209
0.958539
0.245306
0.714424
0.914386
0.323171
0.873906
0.957340
0.904144
0.058808
0.329484
0.146409
0.116271
0.784828
0.535772
0.089185
0.978083
0.926758
0.109477
0.617873
0.181622
0.201400
0.280588
0.656050
0.556579
0.299259
0.859699
0.259998
0.846368
0.250748
