0.099659
0.165349
0.908355
0.232471
0.480874
0.743129
0.298690
0.442795
0.841424
0.548616
0.328093
0.850670
0.373365
0.427554
0.204780
0.238033
0.449733
0.937372
0.071723
0.651779
0.195361
0.176612
0.869977
0.904224
0.447940
0.341023
0.454283
0.843112
0.963957
0.136457
0.432188
0.815035
0.567018
0.448045
0.195653
0.528367
0.006826
0.252534
0.431569
0.838230
0.973493
0.849696
0.967657
0.372137
0.926899
0.480874
0.722694
0.699665
0.651779
0.117293
0.820674
0.206976
0.896874
0.779869
0.786693
0.468831
0.518967
0.499707
0.540003
0.783729
0.349108
0.893611
0.827280
0.676312
0.902775
0.295616
0.379834
0.941949
0.469155
0.514799
0.708345
0.245446
0.904144
0.079568
0.541837
0.136630
0.127253
0.426426
0.317452
0.779869
0.355485
0.788335
0.986117
0.288742
0.774213
0.239268
0.856554
0.211239
0.773322
0.540118
0.641220
0.805192
0.734505
0.907014
0.171402
0.694843
0.320687
0.176666
0.360271
0.574240
