0.917176
0.067149
0.604050
0.458751
0.789428
0.654982
0.489754
0.715008
0.863473
0.225367
0.841424
0.118093
0.024283
0.386663
0.728958
0.459284
0.153973
0.105362
0.894872
0.430228
0.061059
0.153159
0.426016
0.926547
0.608417
0.246711
0.451846
0.236735
0.373838
0.785267
0.156146
0.776435
0.340133
0.242446
0.872359
0.324203
0.294167
0.609716
0.840827
0.016053
0.752491
0.888415
0.198243
0.605938
0.481639
0.048135
0.309217
0.091082
0.711153
0.874179
0.106091
0.532691
0.291446
0.845581
0.441540
0.438931
0.761101
0.589223
0.378306
0.150975
0.097345
0.080081
0.644067
0.889361
0.036289
0.029119
0.107843
0.688480
0.334207
0.587697
0.043341
0.864410
0.792262
0.988076
0.390349
0.279813
0.806258
0.507621
0.099133
0.360548
0.424992
0.660912
0.386663
0.845089
0.085610
0.767175
0.749873
0.270033
0.955586
0.600632
0.698372
0.815874
0.082303
0.395625
0.660675
0.460886
0.787022
0.257080
0.142905
0.812194
