0.914917
0.421623
0.637661
0.135464
0.503267
0.844101
0.312560
0.776546
0.093699
0.424174
0.605466
0.838531
0.639084
0.374028
0.766951
0.858939
0.493614
0.110952
0.959054
0.652610
0.145127
0.425094
0.821504
0.043651
0.230462
0.585703
0.511990
0.641338
0.563996
0.965743
0.767511
0.317962
0.952015
0.427246
0.661387
0.035291
0.529617
0.054896
0.683877
0.503378
0.328614
0.696961
0.131052
0.359717
0.853672
0.153159
0.769862
0.405209
0.108800
0.105847
0.970236
0.987979
0.139296
0.969202
0.920363
0.737616
0.850572
0.149986
0.984685
0.455770
0.447308
0.257225
0.832077
0.230662
0.282688
0.133412
0.238513
0.063564
0.210555
0.208821
0.694607
0.526323
0.573190
0.513113
0.859699
0.550575
0.100950
0.676075
0.077202
0.436746
0.370157
0.096031
0.216270
0.663046
0.408801
0.712088
0.694254
0.020393
0.830653
0.965836
0.773433
0.592747
0.346760
0.293926
0.280510
0.312308
0.225761
0.271241
0.695431
0.123073
