0.873088
0.573890
0.014288
0.454495
0.701309
0.123232
0.916201
0.016504
0.267853
0.405906
0.107667
0.579263
0.539202
0.551728
0.398082
0.746105
0.794542
0.016839
0.052557
0.056278
0.506838
0.040782
0.947938
0.494056
0.347120
0.395625
0.837227
0.180304
0.950372
0.213240
0.855212
0.565506
0.296180
0.519306
0.091082
0.180358
0.875175
0.087880
0.301788
0.299503
0.120134
0.768520
0.315421
0.808491
0.659252
0.814405
0.122008
0.488104
0.105190
0.429301
0.791064
0.593805
0.508627
0.866834
0.730925
0.006204
0.876168
0.902046
0.572957
0.698960
0.165706
0.036460
0.960828
0.472829
0.681632
0.434360
0.813985
0.099035
0.021781
0.653559
0.417357
0.270712
0.576458
0.847448
0.322914
0.368654
0.257443
0.191878
0.812300
0.444786
0.695667
0.562371
0.257371
0.151589
0.207405
0.900336
0.574240
0.515812
0.314662
0.192512
0.340578
0.909998
0.158295
0.058992
0.629479
0.854539
0.617281
0.835113
0.707642
0.908119
