0.123709
0.594275
0.106754
0.852319
0.413620
0.760198
0.870436
0.711387
0.292564
0.067660
0.906380
0.842517
0.581603
0.556579
0.523716
0.520887
0.123272
0.240163
0.115220
0.216905
0.105120
0.982892
0.187482
0.578678
0.688008
0.218948
0.855308
0.923126
0.034170
0.662098
0.366780
0.927739
0.379643
0.625924
0.854057
0.458858
0.169832
0.034708
0.412111
0.542869
0.041893
0.149331
0.387631
0.143808
0.196533
0.829939
0.583594
0.569461
0.304414
0.961277
0.137020
0.887898
0.053942
0.929544
0.924561
0.734620
0.356769
0.564693
0.922548
0.569461
0.230930
0.230195
0.037869
0.190556
0.425299
0.166166
0.680805
0.882669
0.763805
0.338534
0.850670
0.299992
0.722462
0.414931
0.014798
0.217351
0.876077
0.411709
0.814930
0.943494
0.567018
0.911318
0.560516
0.288980
0.369781
0.122836
0.238925
0.530300
0.694254
0.309633
0.580316
0.428068
0.613024
0.253971
0.614798
0.566669
0.480656
0.998008
0.580433
0.158442
