0.877964
0.960878
0.120367
0.353746
0.335704
0.851544
0.232337
0.134093
0.561211
0.421623
0.336410
0.532463
0.522697
0.257371
0.515586
0.889275
0.851058
0.023137
0.027063
0.658066
0.193671
0.331665
0.841026
0.203205
0.529390
0.925131
0.545970
0.207037
0.334559
0.795734
0.347481
0.460032
0.571791
0.730578
0.388794
0.515924
0.064963
0.894536
0.661031
0.165604
0.466893
0.114697
0.865531
0.503936
0.718738
0.254115
0.424276
0.367997
0.815665
0.106859
0.916802
0.875356
0.809128
0.283079
0.466785
0.947290
0.764592
0.913011
0.124787
0.491517
0.804338
0.699312
0.074926
0.138944
0.549192
0.292564
0.934750
0.985385
0.546775
0.794542
0.299747
0.634696
0.361104
0.546775
0.783509
0.224909
0.705533
0.577626
0.591806
0.758276
0.354295
0.590984
0.654389
0.743587
0.443528
0.943740
0.465495
0.757484
0.630902
0.234156
0.134948
0.883021
0.072785
0.925770
0.229064
0.176182
0.207651
0.818592
0.240508
0.788445
