0.969506
0.757484
0.733928
0.639440
0.975362
0.283469
0.842120
0.851544
0.676312
0.526323
0.224582
0.651898
0.423356
0.535772
0.948465
0.202060
0.862628
0.507061
0.141425
0.794325
0.955046
0.014702
0.195010
0.339866
0.870436
0.480765
0.333944
0.848720
0.113585
0.306974
0.018306
0.675010
0.359717
0.997152
0.446046
0.410604
0.470018
0.019232
0.284487
0.577977
0.301216
0.768520
0.499374
0.336322
0.979372
0.399560
0.298853
0.731503
0.962166
0.243072
0.376115
0.972446
0.955370
0.176450
0.479456
0.889103
0.716991
0.193555
0.877605
0.217925
0.093886
0.792588
0.713490
0.798111
0.674892
0.493503
0.007631
0.423356
0.987133
0.251461
0.888673
0.579497
0.103068
0.976229
0.027143
0.678441
0.791064
0.926476
0.107244
0.187143
0.876618
0.030406
0.439452
0.944836
0.050595
0.281054
0.782077
0.863192
0.571441
0.466677
0.249467
0.612788
0.596510
0.287714
0.116990
0.388600
0.084239
0.002156
0.540232
0.678204
