0.420808
0.857701
0.947703
0.257953
0.231867
0.527117
0.392786
0.127784
0.711737
0.777323
0.430950
0.842120
0.167810
0.816188
0.392103
0.899517
0.128481
0.634814
0.780311
0.301134
0.278113
0.478476
0.239887
0.564693
0.177475
0.447203
0.170197
0.566901
0.379452
0.643237
0.673353
0.486237
0.624858
0.503378
0.474129
0.689423
0.571791
0.192224
0.665061
0.931461
0.789319
0.513787
0.003145
0.955747
0.911395
0.532007
0.508404
0.306147
0.878411
0.695667
0.323343
0.493393
0.434257
0.493835
0.956812
0.754082
0.821193
0.439348
0.595569
0.990236
0.106649
0.863942
0.151117
0.837929
0.455983
0.484373
0.477170
0.867762
0.896125
0.686238
0.758503
0.509747
0.410805
0.146180
0.952630
0.910465
0.006633
0.770533
0.794651
0.500040
0.546660
0.219141
0.626517
0.863286
0.058176
0.137456
0.900254
0.586876
0.140268
0.377924
0.409802
0.645847
0.740490
0.340044
0.101284
0.299097
0.984771
0.535543
0.306643
0.741179
