0.850767
0.412211
0.213554
0.691781
0.580784
0.310384
0.010048
0.921313
0.663402
0.782518
0.414527
0.602164
0.361567
0.313315
0.594863
0.404612
0.987184
0.547695
0.468077
0.545740
0.372042
0.961078
0.230329
0.672761
0.593922
0.578445
0.868687
0.314409
0.069784
0.586524
0.661268
0.676312
0.120211
0.731503
0.355760
0.128687
0.689659
0.022957
0.428273
0.105778
0.998122
0.521000
0.711387
0.843904
0.385503
0.824091
0.166166
0.785487
0.552074
0.168845
0.326101
0.097281
0.001431
0.593452
0.184561
0.058992
0.822747
0.721299
0.295696
0.694961
0.795626
0.563764
0.946816
0.628887
0.693665
0.426426
0.666484
0.317452
0.868410
0.109013
0.006853
0.038199
0.969246
0.538286
0.301379
0.608063
0.716524
0.221395
0.882052
0.649050
0.256862
0.983642
0.016461
0.492620
0.146639
0.158540
0.789865
0.266731
0.005693
0.865531
0.870987
0.844398
0.850475
0.284722
0.958383
0.580784
0.651779
0.814930
0.509859
0.973572
