0.677613
0.056891
0.741753
0.113843
0.805832
0.669090
0.819009
0.405607
0.788663
0.818175
0.718273
0.609598
0.368748
0.040230
0.520774
0.553805
0.993661
0.681041
0.401834
0.340578
0.452905
0.704126
0.820674
0.911935
0.537143
0.310718
0.850378
0.117750
0.790301
0.696490
0.227672
0.831975
0.422132
0.634340
0.031070
0.499485
0.745762
0.640152
0.902694
0.422948
0.555654
0.670275
0.338534
0.139472
0.540691
0.795951
0.035962
0.586524
0.670748
0.698019
0.898941
0.709281
0.089036
0.765604
0.059136
0.753514
0.344870
0.801554
0.503824
0.529503
0.103068
0.473479
0.922910
0.310467
0.369687
0.588753
0.110015
0.833699
0.819426
0.114735
0.959718
0.429610
0.248688
0.909842
0.739456
0.069140
0.859794
0.728147
0.665536
0.822437
0.137238
0.148351
0.127457
0.521452
0.645372
0.836725
0.781305
0.603579
0.652965
0.500929
0.400647
0.104810
0.055709
0.260585
0.616690
0.045493
0.265463
0.208143
0.802948
0.195185
