0.859889
0.439557
0.927390
0.828202
0.787569
0.791609
0.185344
0.916952
0.728379
0.111097
0.722810
0.545740
0.887639
0.075876
0.514911
0.539774
0.751923
0.607590
0.476191
0.159082
0.655694
0.090597
0.435501
0.538401
0.216778
0.839431
0.453859
0.260585
0.995345
0.480983
0.433429
0.004103
0.463348
0.331228
0.058257
0.111897
0.222886
0.124427
0.030585
0.129720
0.901152
0.981615
0.097055
0.266059
0.338091
0.811350
0.651660
0.800050
0.332715
0.902370
0.623910
0.778098
0.081915
0.922621
0.156778
0.896542
0.433015
0.463348
0.991004
0.491627
0.929130
0.869240
0.881257
0.242168
0.715358
0.769750
0.063169
0.754537
0.780863
0.502042
0.796383
0.288742
0.975703
0.904144
0.853768
0.416244
0.277036
0.044310
0.038489
0.766390
0.280821
0.505498
0.899927
0.729884
0.486895
0.894620
0.755331
0.208574
0.982089
0.044405
0.049325
0.027996
0.876168
0.544132
0.499374
0.912858
0.207160
0.163978
0.382710
0.027233
