0.287161
0.206181
0.850183
0.049587
0.792588
0.077412
0.671932
0.637898
0.599336
0.239887
0.450683
0.525642
0.810927
0.691781
0.357045
0.884074
0.389960
0.511204
0.370722
0.030229
0.063784
0.833800
0.140401
0.040651
0.130259
0.636356
0.446677
0.874269
0.670275
0.098285
0.875717
0.112042
0.920729
0.397098
0.881346
0.493724
0.241822
0.409101
0.692252
0.949163
0.778431
0.236872
0.020887
0.893780
0.802090
0.547005
0.674300
0.091600
0.122480
0.626872
0.601457
0.262498
0.275349
0.579731
0.645016
0.871353
0.924704
0.723856
0.574590
0.043001
0.248263
0.169156
0.648101
0.177908
0.893696
0.040244
0.645965
0.323515
0.791609
0.270863
0.327833
0.572257
0.305734
0.648694
0.579497
0.396606
0.082442
0.518967
0.152444
0.370816
0.141648
0.646796
0.587932
0.686238
0.478476
0.403718
0.979200
0.154743
0.841524
0.028369
0.372703
0.537028
0.626872
0.725365
0.570160
0.418675
0.082470
0.680214
0.635407
0.320175
