0.744618
0.177637
0.275196
0.516262
0.979981
0.455664
0.604640
0.970619
0.745190
0.054589
0.273898
0.517839
0.665891
0.191762
0.478367
0.519080
0.594040
0.802626
0.504382
0.791718
0.938212
0.070457
0.977003
0.946220
0.815665
0.834508
0.808704
0.361104
0.739686
0.044121
0.698725
0.075566
0.075156
0.337736
0.472613
0.308302
0.392493
0.003932
0.854828
0.844299
0.917848
0.603932
0.877336
0.602517
0.536914
0.622253
0.464099
0.223537
0.039884
0.733235
0.466140
0.042771
0.608771
0.543443
0.351013
0.778209
0.441644
0.539889
0.782187
0.237623
0.421114
0.594275
0.365566
0.394644
0.740719
0.571208
0.517839
0.657473
0.377257
0.615389
0.212300
0.543099
0.050846
0.523149
0.026422
0.961624
0.233212
0.622845
0.695902
0.187313
0.356310
0.977511
0.913088
0.536800
0.429713
0.797140
0.583359
0.471423
0.414023
0.501152
0.519983
0.751012
0.710334
0.211488
0.750101
0.708579
0.310885
0.527912
0.022863
0.545625
