0.605348
0.701896
0.281054
0.362866
0.834305
0.482076
0.905345
0.755671
0.571325
0.014798
0.300971
0.442900
0.227078
0.185904
0.360826
0.533147
0.332365
0.854346
0.298366
0.776324
0.315337
0.793566
0.976042
0.922838
0.362030
0.790192
0.361567
0.877605
0.534630
0.389377
0.818905
0.844003
0.309217
0.663758
0.096638
0.727568
0.940759
0.545395
0.469263
0.997772
0.466893
0.608181
0.746562
0.452693
0.176827
0.809552
0.223472
0.390544
0.847644
0.837227
0.869793
0.865531
0.533147
0.581603
0.809128
0.926688
0.956812
0.109334
0.799404
0.700840
0.593099
0.370346
0.415436
0.970322
0.474238
0.103543
0.554152
0.689423
0.626754
0.350287
0.756011
0.682578
0.633747
0.849988
0.794542
0.794325
0.263681
0.414023
0.005308
0.051260
0.330355
0.294408
0.570393
0.415739
0.042710
0.182118
0.636000
0.501152
0.046375
0.584179
0.456089
0.777323
0.160617
0.415234
0.581954
0.081254
0.803590
0.936657
0.447835
0.979337
