0.122480
0.480329
0.148724
0.328875
0.162969
0.658659
0.378496
0.470018
0.987461
0.207712
0.843904
0.852512
0.222886
0.861591
0.624621
0.427041
0.444157
0.743129
0.174523
0.449733
0.025023
0.617163
0.948289
0.531096
0.857510
0.135679
0.321799
0.539316
0.528935
0.067613
0.463777
0.541034
0.655457
0.145584
0.362309
0.068126
0.775769
0.681869
0.058808
0.704830
0.086187
0.788991
0.702483
0.260291
0.131429
0.387922
0.938341
0.915975
0.218244
0.635170
0.534288
0.032108
0.877157
0.394840
0.418979
0.247133
0.601103
0.819009
0.578445
0.535315
0.117635
0.565274
0.197593
0.533945
0.838931
0.943433
0.765042
0.557620
0.582422
0.872541
0.176773
0.362030
0.388116
0.915144
0.408601
0.783949
0.850572
0.109156
0.898365
0.768296
0.619411
0.144171
0.760649
0.241683
0.710919
0.413217
0.550229
0.442376
0.674655
0.905504
0.473804
0.067590
0.910698
0.600160
0.147424
0.884773
0.995811
0.453965
0.639559
0.555885
