0.465817
0.320431
0.122757
0.633747
0.801876
0.878501
0.608417
0.618583
0.617281
0.480329
0.644542
0.025737
0.134477
0.960225
0.778209
0.928088
0.640864
0.866184
0.185512
0.392981
0.022441
0.344960
0.499485
0.031184
0.185792
0.417864
0.317707
0.981005
0.434982
0.239062
0.679268
0.763805
0.025444
0.188275
0.674773
0.129223
0.556348
0.182450
0.377733
0.892936
0.045834
0.203809
0.167759
0.713023
0.391225
0.977619
0.442690
0.445311
0.466785
0.785157
0.858559
0.185288
0.026402
0.716991
0.136197
0.245657
0.019428
0.696255
0.406803
0.255558
0.814720
0.054532
0.269505
0.133242
0.310968
0.299747
0.657355
0.750442
0.095016
0.402131
0.963382
0.936330
0.764817
0.886080
0.231197
0.874813
0.627702
0.181456
0.433222
0.979914
0.039131
0.308551
0.864691
0.253108
0.628768
0.828202
0.099002
0.064941
0.350559
0.698725
0.016194
0.722810
0.491517
0.657117
0.352196
0.092768
0.546085
0.343346
0.158589
0.127907
