0.627820
0.778320
0.836524
0.921168
0.030630
0.173300
0.300236
0.517163
0.361289
0.607945
0.909295
0.823471
0.731272
0.514686
0.087704
0.861591
0.845089
0.037815
0.921095
0.225171
0.611606
0.965604
0.403718
0.043171
0.410103
0.725133
0.651423
0.211925
0.651660
0.414426
0.389280
0.760198
0.371382
0.101150
0.174736
0.940128
0.294408
0.421826
0.499041
0.374502
0.643948
0.574473
0.379452
0.616572
0.113069
0.883460
0.945078
0.173990
0.414225
0.078046
0.685884
0.757031
0.052391
0.306974
0.548156
0.299585
0.108338
0.282065
0.574473
0.211800
0.767175
0.535201
0.957497
0.114400
0.912243
0.372892
0.499263
0.508180
0.538858
0.796816
0.788663
0.795626
0.293365
0.508516
0.104432
0.888415
0.492951
0.848818
0.147794
0.260585
0.991995
0.193091
0.626872
0.469586
0.360271
0.781084
0.805299
0.284722
0.899681
0.693312
0.744847
0.525075
0.947879
0.871628
0.802090
0.405508
0.127661
0.020255
0.329832
0.191820
