0.315928
0.099101
0.801017
0.720601
0.759746
0.342630
0.068361
0.048084
0.896542
0.763918
0.632799
0.739686
0.871262
0.867391
0.439765
0.191015
0.034344
0.286058
0.337559
0.230462
0.030697
0.021076
0.875807
0.467646
0.127702
0.378878
0.709866
0.643355
0.695314
0.356677
0.801983
0.314072
0.892429
0.037993
0.934750
0.441017
0.154935
0.065391
0.899188
0.120600
0.678204
0.559936
0.044027
0.109549
0.733582
0.373271
0.275962
0.101652
0.211052
0.849111
0.844891
0.428273
0.441122
0.502153
0.376305
0.555654
0.362216
0.436746
0.995423
0.005302
0.427451
0.002037
0.343883
0.486017
0.768296
0.917401
0.017842
0.106056
0.140091
0.820985
0.128522
0.475648
0.547580
0.298122
0.543672
0.238856
0.112225
0.922838
0.413721
0.004487
0.536800
0.423254
0.944776
0.556001
0.243559
0.026179
0.942817
0.916276
0.164232
0.728031
0.916952
0.187313
0.529845
0.074747
0.668853
0.852706
0.566436
0.726293
0.515812
0.998087
