0.050882
0.004200
0.358149
0.479456
0.699547
0.692016
0.511429
0.142051
0.672406
0.197948
0.924775
0.656643
0.857987
0.283469
0.215193
0.376401
0.573540
0.526436
0.377448
0.376115
0.908512
0.133539
0.962655
0.766614
0.337736
0.303756
0.995872
0.574240
0.697431
0.009388
0.478258
0.534744
0.770533
0.160369
0.259559
0.252033
0.059861
0.862251
0.621069
0.291525
0.477822
0.642287
0.844990
0.329658
0.575057
0.055554
0.196122
0.395919
0.592512
0.718156
0.504940
0.499263
0.802519
0.921969
0.336498
0.619766
0.562139
0.753742
0.898117
0.067149
0.188162
0.094167
0.999264
0.581135
0.894872
0.184115
0.641813
0.166679
0.029151
0.712205
0.196886
0.651542
0.722462
0.811878
0.461421
0.002652
0.424787
0.631494
0.543558
0.696843
0.209130
0.355301
0.204233
0.043636
0.350015
0.080244
0.280666
0.507621
0.413922
0.241752
0.737616
0.205023
0.754537
0.532919
0.638017
0.470126
0.811244
0.521452
0.040215
0.663165
