0.321885
0.847154
0.265686
0.475648
0.024283
0.186467
0.990573
0.330878
0.329484
0.813459
0.772319
0.385890
0.235240
0.534630
0.593217
0.229795
0.658066
0.547580
0.495162
0.424480
0.531894
0.703891
0.820362
0.685766
0.988269
0.081915
0.344691
0.366500
0.999863
0.595334
0.956759
0.152920
0.627109
0.892174
0.963526
0.504828
0.960728
0.004517
0.205998
0.617755
0.113105
0.388212
0.024400
0.120912
0.721532
0.779316
0.615507
0.200981
0.553690
0.606056
0.586876
0.764368
0.904224
0.057289
0.930779
0.475105
0.498042
0.112371
0.932139
0.893190
0.530641
0.769191
0.877157
0.109334
0.050595
0.486676
0.828305
0.332978
0.299747
0.833496
0.115370
0.303592
0.034986
0.978471
0.342898
0.184617
0.162868
0.252749
0.906856
0.544132
0.119129
0.626398
0.275655
0.901884
0.981037
0.992946
0.398968
0.166218
0.597452
0.013337
0.137848
0.316605
0.637898
0.370063
0.617163
0.801554
0.922041
0.827895
0.940759
0.278345
