0.727336
0.771203
0.814720
0.123430
0.441644
0.071014
0.875356
0.409202
0.262351
0.216969
0.594863
0.327139
0.736349
0.487444
0.239612
0.311721
0.550575
0.435708
0.480438
0.775436
0.865065
0.315675
0.103816
0.150975
0.321970
0.406205
0.851544
0.046375
0.134392
0.660082
0.851931
0.463992
0.577276
0.514349
0.698137
0.966297
0.386566
0.804659
0.901640
0.918295
0.596745
0.240439
0.890729
0.816084
0.134178
0.362494
0.339333
0.973572
0.207467
0.959565
0.059301
0.659964
0.267628
0.377448
0.769191
0.425299
0.867669
0.891155
0.164080
0.279581
0.281209
0.858559
0.969722
0.057630
0.973173
0.245727
0.839331
0.118936
0.330704
0.592276
0.077597
0.389960
0.512776
0.596628
0.068856
0.905664
0.911163
0.397786
0.629598
0.081035
0.709047
0.943433
0.885645
0.821297
0.607000
0.145767
0.011839
0.472288
0.073308
0.475105
0.527685
0.764705
0.773767
0.016852
0.403023
0.019560
0.726409
0.009502
0.401636
0.574357
