0.931665
0.386663
0.260878
0.230462
0.157119
0.705768
0.730462
0.734159
0.901965
0.297393
0.913394
0.086564
0.576108
0.247698
0.683168
0.179811
0.902775
0.701192
0.224843
0.145127
0.798758
0.071551
0.357321
0.672406
0.882493
0.577042
0.169989
0.312979
0.083674
0.560864
0.269656
0.585469
0.635407
0.891920
0.854924
0.398870
0.934750
0.150645
0.694372
0.565623
0.929337
0.858273
0.081501
0.288663
0.925202
0.722345
0.114809
0.472613
0.338091
0.329049
0.087616
0.680332
0.922548
0.427349
0.862345
0.921678
0.002648
0.443738
0.630783
0.255558
0.212113
0.856650
0.822437
0.443214
0.409702
0.538973
0.739915
0.945139
0.639203
0.237896
0.559125
0.402627
0.177637
0.457472
0.735427
0.250463
0.780200
0.748846
0.912781
0.733582
0.613142
0.947938
0.822644
0.434671
0.510868
0.763355
0.844299
0.706354
0.342094
0.145492
0.115857
0.532919
0.665654
0.173672
0.097604
0.209501
0.069069
0.452481
0.491847
0.379930
