0.348204
0.598040
0.095206
0.817757
0.512102
0.351377
0.486346
0.788882
0.094607
0.473046
0.716291
0.387050
0.939747
0.658659
0.114140
0.424174
0.188445
0.954558
0.115370
0.795084
0.206425
0.039870
0.672288
0.219013
0.280898
0.047525
0.962606
0.145904
0.040360
0.472071
0.932881
0.767175
0.046063
0.513450
0.503378
0.722345
0.464636
0.879749
0.171297
0.780642
0.408101
0.389280
0.015987
0.846368
0.320090
0.483716
0.911781
0.640152
0.822851
0.939556
0.343077
0.904625
0.055437
0.384057
0.954285
0.684703
0.286136
0.785816
0.136630
0.112445
0.409001
0.082109
0.086014
0.784608
0.745533
0.195361
0.981520
0.076108
0.040042
0.631020
0.584297
0.920363
0.082081
0.447624
0.410705
0.905903
0.606174
0.903179
0.682814
0.037475
0.070966
0.448994
0.663639
0.715941
0.882757
0.288505
0.149004
0.569228
0.335352
0.242168
0.227276
0.902613
0.691309
0.476083
0.480438
0.036884
0.065980
0.104741
0.776990
0.324289
