0.195478
0.269882
0.438827
0.357873
0.924490
0.044818
0.455557
0.145355
0.697666
0.627939
0.734620
0.144307
0.930711
0.632206
0.007004
0.973453
0.287556
0.453223
0.354752
0.089214
0.171612
0.897538
0.820778
0.167707
0.601457
0.838130
0.893274
0.654152
0.607945
0.074544
0.144716
0.332540
0.161066
0.851447
0.459178
0.133965
0.350650
0.412613
0.853479
0.899024
0.617045
0.957182
0.310801
0.401933
0.863848
0.699547
0.613970
0.223667
0.321286
0.159033
0.444472
0.711971
0.292324
0.152159
0.673590
0.579614
0.913852
0.245797
0.658303
0.071600
0.012523
0.012018
0.632087
0.660675
0.849306
0.006351
0.885123
0.009971
0.157022
0.286688
0.567250
0.676903
0.408001
0.711971
0.862628
0.887898
0.647271
0.810504
0.454920
0.358702
0.395232
0.180304
0.098741
0.355943
0.967567
0.737731
0.629716
0.675957
0.985080
0.259705
0.838130
0.774880
0.342183
0.621661
0.348565
0.997552
0.008823
0.022299
0.168741
0.823265
