0.859414
0.634459
0.567134
0.248404
0.836624
0.527799
0.661624
0.278345
0.006547
0.277728
0.019597
0.469047
0.884161
0.497044
0.192397
0.585351
0.327312
0.791282
0.140712
0.376971
0.463241
0.116460
0.651660
0.357504
0.071796
0.375640
0.452375
0.245376
0.449838
0.120405
0.965790
0.859794
0.262794
0.541493
0.337382
0.898447
0.810081
0.125631
0.508963
0.985983
0.211115
0.243699
0.732889
0.864878
0.416143
0.690484
0.117979
0.876348
0.555770
0.278036
0.991787
0.724204
0.927600
0.441853
0.061059
0.704126
0.629953
0.613734
0.681278
0.871628
0.227738
0.514574
0.481529
0.194194
0.435190
0.637661
0.788335
0.540232
0.957392
0.677613
0.777434
0.941073
0.975967
0.801339
0.586055
0.820154
0.025881
0.325151
0.704361
0.850086
0.177583
0.494166
0.150975
0.290171
0.061314
0.126480
0.183947
0.429816
0.832686
0.536686
0.168586
0.503267
0.599454
0.984543
0.168275
0.608771
0.511429
0.155515
0.954938
0.361567
