0.372609
0.223016
0.689423
0.218500
0.358609
0.830551
0.751695
0.968413
0.328266
0.108338
0.026775
0.009775
0.284800
0.832888
0.882933
0.274356
0.438410
0.054226
0.929751
0.020708
0.390349
0.381846
0.118783
0.425094
0.633273
0.853286
0.852319
0.773767
0.043589
0.132819
0.878858
0.637898
0.438931
0.681632
0.079514
0.451106
0.326014
0.021920
0.977511
0.018739
0.826870
0.682223
0.166576
0.013694
0.850572
0.514686
0.761665
0.392103
0.842120
0.698607
0.319663
0.876077
0.885558
0.332715
0.443947
0.989805
0.165248
0.407802
0.399659
0.191705
0.314325
0.829939
0.160518
0.567483
0.549192
0.771761
0.545625
0.838130
0.581252
0.367904
0.950714
0.203567
0.751581
0.625687
0.355393
0.068267
0.565390
0.636712
0.496268
0.838631
0.139252
0.944411
0.055301
0.212613
0.520548
0.168120
0.116309
0.077887
0.567832
0.345230
0.916802
0.707525
0.621661
0.149097
0.382710
0.504828
0.210928
0.784388
0.678795
0.557736
