0.082825
0.030459
0.635583
0.027183
0.010979
0.997303
0.246970
0.324058
0.424157
0.227833
0.792254
0.916010
0.160978
0.803188
0.945485
0.276749
0.990383
0.321792
0.044845
0.841382
0.055286
0.143315
0.131366
0.861398
0.261112
0.395016
0.652894
0.083236
0.013774
0.905793
0.476235
0.238130
0.065306
0.643396
0.867790
0.855963
0.042594
0.561011
0.953582
0.574621
0.012163
0.229850
0.856417
0.844494
0.475802
0.363616
0.777625
0.366875
0.087773
0.530070
0.132094
0.077025
0.007423
0.218484
0.958457
0.904868
0.205398
0.434094
0.964645
0.677363
0.342889
0.559152
0.388077
0.816347
0.444575
0.315738
0.950212
0.194472
0.479911
0.013887
0.798816
0.490228
0.653565
0.017074
0.677428
0.056171
0.046718
0.067452
0.895621
0.879778
0.775994
0.634014
0.128745
0.450297
0.412158
0.607161
0.772219
0.789795
0.574124
0.115487
0.535543
0.152355
0.630184
0.913760
0.722252
0.154995
0.149328
0.769461
0.427630
0.468962
