0.588855
0.050250
0.492630
0.001984
0.049181
0.995445
0.165289
0.422989
0.512748
0.511624
0.787725
0.917768
0.764604
0.955765
0.835216
0.839456
0.929556
0.211140
0.415595
0.965644
0.029209
0.299205
0.086879
0.539961
0.680103
0.701089
0.301425
0.302227
0.077736
0.885481
0.596913
0.062637
0.620245
0.127681
0.581162
0.992599
0.146249
0.763258
0.983802
0.846079
0.100293
0.241419
0.660789
0.872372
0.654852
0.209963
0.513462
0.038189
0.477631
0.552040
0.530801
0.122338
0.001697
0.253348
0.817270
0.791582
0.209302
0.768146
0.798953
0.866970
0.518668
0.398924
0.087362
0.700732
0.385076
0.734303
0.990537
0.079001
0.141459
0.129874
0.805248
0.059149
0.517953
0.056707
0.431115
0.035671
0.045499
0.072831
0.896683
0.673191
0.666406
0.883474
0.372534
0.416492
0.546462
0.771269
0.614277
0.909069
0.250742
0.247506
0.521014
0.482934
0.617802
0.931519
0.837377
0.072375
0.360416
0.860272
0.262911
0.701178
