0.588855
0.082825
0.050250
0.030459
0.492630
0.635583
0.001984
0.027183
0.049181
0.010979
0.995445
0.997303
0.165289
0.246970
0.422989
0.324058
0.512748
0.424157
0.511624
0.227833
0.787725
0.792254
0.917768
0.916010
0.764604
0.160978
0.955765
0.803188
0.835216
0.945485
0.839456
0.276749
0.929556
0.990383
0.211140
0.321792
0.415595
0.044845
0.965644
0.841382
0.029209
0.055286
0.299205
0.143315
0.086879
0.131366
0.539961
0.861398
0.680103
0.261112
0.701089
0.395016
0.301425
0.652894
0.302227
0.083236
0.077736
0.013774
0.885481
0.905793
0.596913
0.476235
0.062637
0.238130
0.620245
0.065306
0.127681
0.643396
0.581162
0.867790
0.992599
0.855963
0.146249
0.042594
0.763258
0.561011
0.983802
0.953582
0.846079
0.574621
0.100293
0.012163
0.241419
0.229850
0.660789
0.856417
0.872372
0.844494
0.654852
0.475802
0.209963
0.363616
0.513462
0.777625
0.038189
0.366875
0.477631
0.087773
0.552040
0.530070
0.530801
0.132094
0.122338
0.077025
0.001697
0.007423
0.253348
0.218484
0.817270
0.958457
0.791582
0.904868
0.209302
0.205398
0.768146
0.434094
0.798953
0.964645
0.866970
0.677363
0.518668
0.342889
0.398924
0.559152
0.087362
0.388077
0.700732
0.816347
0.385076
0.444575
0.734303
0.315738
0.990537
0.950212
0.079001
0.194472
0.141459
0.479911
0.129874
0.013887
0.805248
0.798816
0.059149
0.490228
0.517953
0.653565
0.056707
0.017074
0.431115
0.677428
0.035671
0.056171
0.045499
0.046718
0.072831
0.067452
0.896683
0.895621
0.673191
0.879778
0.666406
0.775994
0.883474
0.634014
0.372534
0.128745
0.416492
0.450297
0.546462
0.412158
0.771269
0.607161
0.614277
0.772219
0.909069
0.789795
0.250742
0.574124
0.247506
0.115487
0.521014
0.535543
0.482934
0.152355
0.617802
0.630184
0.931519
0.913760
0.837377
0.722252
0.072375
0.154995
0.360416
0.149328
0.860272
0.769461
0.262911
0.427630
0.701178
0.468962
