0.744847
0.537943
0.028255
0.049587
0.140224
0.585117
0.687654
0.866556
0.134050
0.435293
0.126521
0.891240
0.107843
0.791935
0.590162
0.329658
0.537600
0.795409
0.624029
0.795626
0.949740
0.726757
0.242585
0.898282
0.536114
0.221330
0.179375
0.408101
0.843211
0.782518
0.950600
0.095143
0.701544
0.452693
0.043792
0.401042
0.759972
0.746905
0.163877
0.358057
0.492289
0.832483
0.525415
0.310133
0.174150
0.746562
0.492620
0.095523
0.199966
0.051206
0.477170
0.169416
0.515136
0.930574
0.925131
0.604050
0.644304
0.756011
0.118017
0.774880
0.048221
0.131136
0.164181
0.693665
0.923342
0.647271
0.679032
0.394742
0.258098
0.668853
0.213742
0.334032
0.101518
0.446046
0.109156
0.486566
0.657829
0.716874
0.348385
0.225827
0.543902
0.700487
0.669919
0.104673
0.783288
0.151400
0.620950
0.307140
0.340934
0.554383
0.204597
0.553805
0.855116
0.255341
0.710568
0.871994
0.962655
0.039061
0.908590
0.343615
