0.035600
0.841623
0.830347
0.671222
0.656643
0.233414
0.873997
0.787679
0.369311
0.683759
0.802198
0.882493
0.414225
0.192108
0.533033
0.474346
0.999368
0.734966
0.268303
0.560052
0.064138
0.618701
0.999095
0.456408
0.430950
0.365846
0.341648
0.296180
0.163473
0.215319
0.776102
0.508739
0.740490
0.283235
0.908826
0.833699
0.599336
0.325496
0.089155
0.984140
0.898365
0.301134
0.448151
0.616572
0.759633
0.368560
0.081419
0.173353
0.646559
0.936722
0.075979
0.076005
0.860078
0.251747
0.729189
0.523263
0.888931
0.831365
0.793240
0.124707
0.521452
0.156778
0.779869
0.763017
0.204173
0.976042
0.643118
0.236123
0.236259
0.208883
0.581603
0.875536
0.080054
0.358702
0.495272
0.791935
0.859889
0.833800
0.093636
0.090627
0.946101
0.405508
0.319067
0.163372
0.901396
0.568297
0.247133
0.220943
0.717340
0.920582
0.092953
0.006439
0.835920
0.114697
0.863004
0.123272
0.296584
0.252893
0.089304
0.706588
