0.330529
0.463992
0.187030
0.645965
0.864130
0.284330
0.873361
0.014414
0.770086
0.567715
0.592512
0.000249
0.551958
0.298122
0.135550
0.863380
0.418878
0.186242
0.859984
0.491186
0.541264
0.267179
0.592747
0.053021
0.760198
0.916126
0.066642
0.916727
0.140712
0.718156
0.474780
0.062646
0.435086
0.460032
0.663402
0.237965
0.772988
0.354203
0.077518
0.232942
0.840528
0.190041
0.784388
0.467969
0.978576
0.830958
0.158245
0.801232
0.484811
0.712088
0.476952
0.929406
0.504940
0.280510
0.227870
0.838631
0.512776
0.121537
0.206120
0.570975
0.139737
0.700487
0.173937
0.085870
0.507397
0.654626
0.387050
0.521905
0.316774
0.540232
0.348746
0.714658
0.213742
0.888501
0.378687
0.182008
0.448572
0.583008
0.500374
0.453859
0.052465
0.521905
0.061186
0.168689
0.733697
0.375355
0.060321
0.316097
0.283001
0.485140
0.140712
0.503713
0.176666
0.216079
0.456514
0.586993
0.040273
0.947290
0.753060
0.379738
