0.913852
0.739226
0.321029
0.915749
0.136111
0.505498
0.577626
0.780421
0.060531
0.286845
0.263903
0.316774
0.782077
0.558199
0.615034
0.195888
0.929613
0.645728
0.555423
0.532121
0.451423
0.202602
0.867391
0.151779
0.513225
0.387244
0.654982
0.245236
0.662335
0.796167
0.721066
0.215129
0.093356
0.550229
0.681396
0.784718
0.264274
0.701896
0.268753
0.216206
0.088057
0.746219
0.718622
0.590984
0.271165
0.268828
0.162316
0.053942
0.885906
0.283469
0.686592
0.543213
0.922693
0.145675
0.714541
0.856746
0.909139
0.448678
0.471098
0.088560
0.585938
0.341023
0.119630
0.913929
0.222886
0.283782
0.838330
0.961970
0.331927
0.497266
0.063498
0.120873
0.445626
0.406006
0.713490
0.898034
0.681396
0.382422
0.089633
0.660794
0.311973
0.024996
0.262351
0.510644
0.004543
0.724436
0.952686
0.836322
0.312476
0.045769
0.863286
0.042726
0.538744
0.759520
0.967836
0.148305
0.815769
0.866184
0.827178
0.033800
