0.280200
0.554267
0.615744
0.580901
0.211613
0.546775
0.491076
0.696843
0.949567
0.330093
0.394155
0.242724
0.281209
0.891325
0.789537
0.119244
0.649050
0.717107
0.304085
0.279039
0.169780
0.686474
0.980513
0.666247
0.088382
0.871902
0.322399
0.445101
0.197652
0.625924
0.346489
0.999621
0.767287
0.018952
0.411709
0.276192
0.405408
0.324892
0.006143
0.383479
0.133370
0.802198
0.278113
0.797680
0.303099
0.664113
0.316605
0.476735
0.052042
0.663521
0.930779
0.599100
0.016776
0.230930
0.700840
0.557736
0.075284
0.073258
0.693665
0.352378
0.074849
0.327659
0.787898
0.950942
0.540691
0.582188
0.571908
0.411508
0.540805
0.602871
0.245657
0.023155
0.334647
0.249042
0.561095
0.287398
0.840130
0.897372
0.755785
0.126643
0.548271
0.988904
0.625569
0.645609
0.250748
0.393861
0.201041
0.011757
0.036659
0.990862
0.801447
0.189869
0.386760
0.147563
0.275120
0.846368
0.703070
0.010959
0.216460
0.852899
