0.012480
0.905105
0.106335
0.298934
0.063917
0.639322
0.430228
0.209748
0.629953
0.232404
0.321457
0.607236
0.768072
0.549077
0.214877
0.851253
0.784828
0.522810
0.308219
0.665891
0.333417
0.484592
0.949452
0.004801
0.190613
0.883285
0.699665
0.381942
0.574123
0.250178
0.156680
0.001110
0.979678
0.308800
0.458644
0.827383
0.589810
0.181512
0.040244
0.830041
0.202181
0.228400
0.156924
0.270712
0.626517
0.378496
0.239612
0.351559
0.690838
0.201101
0.606410
0.326274
0.426221
0.259705
0.091417
0.480656
0.819426
0.274432
0.941073
0.954938
0.669564
0.068126
0.730693
0.155757
0.825637
0.252176
0.112921
0.073183
0.877336
0.521000
0.447414
0.973133
0.415739
0.328875
0.372987
0.158639
0.730925
0.633629
0.191590
0.606056
0.336852
0.165400
0.270485
0.936265
0.025823
0.825431
0.581369
0.761101
0.789319
0.932409
0.263903
0.424992
0.457898
0.032308
0.506503
0.173566
0.779648
0.104432
0.390252
0.868779
