0.068385
0.659489
0.189812
0.140446
0.609007
0.298690
0.660319
0.499929
0.321799
0.645372
0.499929
0.604994
0.368936
0.094764
0.662809
0.614561
0.697902
0.658066
0.091508
0.135852
0.033579
0.642762
0.378496
0.578912
0.928436
0.980972
0.201280
0.954558
0.885035
0.649762
0.444052
0.197416
0.703657
0.424174
0.183947
0.146409
0.954449
0.183669
0.594157
0.614679
0.522583
0.165349
0.822644
0.820985
0.533717
0.839431
0.690602
0.300236
0.525415
0.501374
0.187369
0.490525
0.294730
0.679741
0.773656
0.933752
0.273822
0.151117
0.449416
0.881434
0.073836
0.445836
0.088294
0.685766
0.539660
0.075979
0.752150
0.071014
0.191935
0.812827
0.467000
0.121263
0.496712
0.501152
0.252965
0.241337
0.815979
0.805406
0.763355
0.110123
0.023951
0.921386
0.473696
0.273213
0.487554
0.588401
0.356035
0.854443
0.506950
0.275885
0.882229
0.831060
0.836322
0.708228
0.820050
0.725597
0.046722
0.345949
0.691781
0.473154
