0.771538
0.946994
0.337117
0.830041
0.055437
0.783509
0.535087
0.205266
0.074214
0.591571
0.686356
0.495936
0.953241
0.320431
0.745648
0.561443
0.481311
0.458644
0.926406
0.242585
0.185961
0.104227
0.249397
0.555192
0.048563
0.496158
0.982831
0.988028
0.092029
0.061442
0.574473
0.187878
0.464958
0.740030
0.331840
0.433429
0.706002
0.539316
0.179647
0.263607
0.606646
0.019138
0.755671
0.546890
0.536571
0.820882
0.239956
0.865345
0.755671
0.423867
0.809552
0.785926
0.665061
0.514686
0.460459
0.104845
0.903662
0.602046
0.594157
0.641220
0.510980
0.780974
0.829225
0.225367
0.735542
0.257371
0.554729
0.764592
0.176666
0.939365
0.606292
0.161615
0.469155
0.460352
0.048598
0.052281
0.274661
0.482403
0.470450
0.816921
0.553228
0.753287
0.717806
0.222107
0.010119
0.054455
0.098904
0.267778
0.576692
0.225367
0.818175
0.667195
0.443842
0.848916
0.504940
0.789428
0.216651
0.214183
0.129471
0.320858
