0.783178
0.609598
0.522810
0.003009
0.419081
0.294248
0.942011
0.474888
0.375735
0.083224
0.932544
0.856937
0.500374
0.381366
0.873088
0.950885
0.130634
0.043792
0.421623
0.533033
0.781525
0.664469
0.753173
0.561327
0.921386
0.810610
0.434153
0.652491
0.144580
0.127212
0.960124
0.994370
0.046342
0.339688
0.718156
0.826562
0.099363
0.018080
0.956759
0.243559
0.608417
0.652847
0.883811
0.784388
0.990656
0.465925
0.092336
0.323171
0.366033
0.833294
0.173353
0.548962
0.604050
0.084268
0.481311
0.892852
0.989020
0.868687
0.729768
0.598865
0.083196
0.784278
0.779427
0.239750
0.074088
0.136327
0.854828
0.906935
0.117445
0.534972
0.636712
0.387825
0.605938
0.191820
0.097992
0.632087
0.611370
0.772876
0.115183
0.600867
0.770645
0.985849
0.106684
0.230529
0.232539
0.870620
0.709866
0.608653
0.527799
0.218628
0.031689
0.414225
0.294007
0.490304
0.972609
0.420198
0.166422
0.813038
0.375166
0.383287
