0.051459
0.182726
0.432912
0.633629
0.446887
0.635407
0.052428
0.717690
0.392688
0.126765
0.424992
0.276959
0.934152
0.507173
0.463563
0.595451
0.094074
0.558894
0.507621
0.284330
0.884511
0.651186
0.790192
0.243350
0.331053
0.785706
0.454389
0.114177
0.351559
0.329310
0.648813
0.944228
0.324203
0.138768
0.718040
0.476952
0.867854
0.787131
0.511317
0.446151
0.849404
0.737731
0.012576
0.610306
0.243420
0.236463
0.484154
0.831264
0.276268
0.861780
0.682105
0.986618
0.786693
0.667550
0.566785
0.534972
0.653084
0.209934
0.217478
0.645253
0.758163
0.282610
0.278422
0.413519
0.126968
0.083815
0.316097
0.247768
0.103203
0.318897
0.409802
0.070433
0.337205
0.697784
0.029669
0.192166
0.931529
0.477605
0.669090
0.710334
0.103782
0.976820
0.499263
0.781636
0.836322
0.280976
0.851058
0.293525
0.199727
0.453647
0.635289
0.345140
0.503936
0.514124
0.829837
0.755331
0.409802
0.017515
0.995160
0.893105
