0.293525
0.163271
0.681160
0.392200
0.738651
0.560516
0.215066
0.924132
0.247063
0.325151
0.786912
0.456302
0.926194
0.502599
0.285664
0.701427
0.560864
0.986592
0.213554
0.903903
0.489093
0.757711
0.961128
0.327139
0.236667
0.328440
0.177043
0.563880
0.333066
0.058931
0.463027
0.951621
0.558431
0.233144
0.914538
0.501597
0.321029
0.837026
0.643830
0.777323
0.541608
0.464850
0.481420
0.947467
0.894620
0.300726
0.847350
0.338534
0.340133
0.248475
0.717573
0.198599
0.052079
0.845877
0.688952
0.290728
0.218820
0.334735
0.540461
0.675128
0.088028
0.024591
0.179266
0.204901
0.299422
0.831874
0.329223
0.091234
0.440704
0.540347
0.013388
0.394840
0.023250
0.298203
0.457472
0.939301
0.307057
0.441749
0.592394
0.245657
0.658896
0.117217
0.102425
0.029986
0.589340
0.687300
0.249965
0.213994
0.643355
0.417762
0.454602
0.804018
0.660082
0.534174
0.873361
0.210928
0.899106
0.180085
0.233481
0.596157
