0.180852
0.223407
0.138373
0.370816
0.381079
0.596275
0.948873
0.187087
0.414426
0.611370
0.755218
0.961822
0.471639
0.019693
0.606292
0.128934
0.740605
0.988928
0.224778
0.590514
0.688126
0.550459
0.478367
0.070893
0.156388
0.817862
0.575757
0.237076
0.785048
0.461742
0.551036
0.869793
0.981995
0.382806
0.837729
0.241337
0.865345
0.846565
0.326879
0.427862
0.244396
0.287398
0.478367
0.512776
0.974164
0.901803
0.797356
0.227870
0.188332
0.818279
0.261982
0.656761
0.033445
0.868871
0.024959
0.755558
0.506838
0.084211
0.784388
0.598276
0.483388
0.507621
0.348204
0.719437
0.193323
0.153446
0.626161
0.991920
0.025079
0.663995
0.719437
0.833192
0.292564
0.640508
0.832686
0.036487
0.690249
0.771984
0.834407
0.278808
0.341112
0.052060
0.304085
0.784828
0.572607
0.158245
0.194893
0.371948
0.975362
0.999624
0.248263
0.669564
0.770533
0.762792
0.361104
0.551382
0.811667
0.405010
0.183170
0.288742
