0.619885
0.776213
0.688598
0.067753
0.895875
0.060258
0.121615
0.516712
0.842219
0.643948
0.554383
0.904705
0.216270
0.431569
0.588166
0.271923
0.546660
0.769862
0.093356
0.976229
0.330006
0.897206
0.121302
0.876887
0.787022
0.553574
0.298203
0.046706
0.101618
0.631494
0.188729
0.558199
0.678677
0.352196
0.572490
0.461207
0.907725
0.729074
0.062668
0.941136
0.069808
0.895959
0.867020
0.931325
0.062646
0.013337
0.638966
0.135335
0.259925
0.925841
0.265537
0.118821
0.875807
0.034034
0.745304
0.952015
0.413620
0.590044
0.753514
0.000693
0.505274
0.841623
0.507061
0.334383
0.671459
0.413318
0.904705
0.347842
0.558546
0.180578
0.117483
0.559357
0.656880
0.124827
0.365659
0.613024
0.233549
0.996026
0.549422
0.855404
0.960878
0.000362
0.557389
0.753060
0.246148
0.792479
0.907409
0.379452
0.695314
0.437474
0.604758
0.857606
0.702249
0.424378
0.265463
0.239612
0.651423
0.473371
0.730578
0.392103
