0.030596
0.911858
0.694843
0.524055
0.761778
0.666365
0.965558
0.467646
0.210679
0.626398
0.044357
0.666484
0.311136
0.687536
0.365286
0.777766
0.445836
0.113843
0.775213
0.381558
0.537143
0.644186
0.668972
0.743587
0.061912
0.017542
0.683404
0.531666
0.211988
0.618346
0.782958
0.197889
0.936657
0.677258
0.702249
0.718156
0.688480
0.428479
0.822437
0.158000
0.006552
0.579029
0.768743
0.344063
0.688952
0.967702
0.695549
0.588166
0.823988
0.168327
0.796924
0.730925
0.970576
0.542066
0.991634
0.794325
0.477496
0.168275
0.081943
0.119322
0.152254
0.271014
0.441226
0.973013
0.863473
0.666721
0.195419
0.574007
0.603107
0.267853
0.054570
0.628887
0.213491
0.387728
0.617163
0.946816
0.754082
0.377257
0.568530
0.513674
0.647152
0.072909
0.962801
0.618701
0.563648
0.580082
0.928922
0.537714
0.229396
0.256862
0.688834
0.952908
0.414527
0.558315
0.831975
0.958124
0.843607
0.371005
0.714307
0.182671
