0.193381
0.158442
0.778763
0.344780
0.208513
0.491627
0.278962
0.172191
0.047897
0.975741
0.277959
0.218820
0.064829
0.078390
0.784168
0.774880
0.674537
0.362123
0.233751
0.553459
0.883460
0.989517
0.278345
0.274051
0.585000
0.312811
0.686828
0.343615
0.080953
0.177205
0.485140
0.788445
0.526663
0.860552
0.946697
0.983043
0.113917
0.205753
0.052743
0.586993
0.320944
0.811772
0.174363
0.938790
0.174523
0.649762
0.691427
0.449310
0.353564
0.589692
0.741179
0.907804
0.191072
0.488543
0.829429
0.893274
0.145584
0.037719
0.522583
0.983848
0.687418
0.744389
0.203326
0.549537
0.919553
0.099297
0.125752
0.386276
0.433118
0.280743
0.673471
0.070216
0.563648
0.243072
0.670985
0.598040
0.909295
0.419081
0.238033
0.305074
0.455026
0.799727
0.203084
0.600985
0.048067
0.366406
0.985412
0.902127
0.930984
0.005480
0.342094
0.324634
0.223277
0.478258
0.387437
0.651542
0.723391
0.043279
0.203084
0.196886
