0.759520
0.095618
0.896209
0.792153
0.546775
0.142410
0.266507
0.663995
0.846172
0.970661
0.737501
0.274432
0.803055
0.438723
0.238513
0.395625
0.100551
0.431259
0.399067
0.627346
0.135550
0.544821
0.047626
0.293605
0.171717
0.838731
0.311303
0.787351
0.204719
0.373460
0.956175
0.080652
0.842021
0.473262
0.313483
0.884948
0.160617
0.829735
0.926265
0.610188
0.949683
0.576341
0.477714
0.359163
0.943310
0.595686
0.827485
0.089813
0.850961
0.852222
0.990215
0.044263
0.210182
0.353838
0.489314
0.358517
0.769974
0.218884
0.979644
0.239956
0.216270
0.613024
0.101317
0.828816
0.262941
0.587932
0.129017
0.768743
0.604994
0.464421
0.126886
0.538401
0.137412
0.375166
0.650711
0.396705
0.008731
0.844793
0.913547
0.894452
0.669564
0.490965
0.753287
0.039272
0.613852
0.348746
0.518855
0.882581
0.898117
0.552651
0.555423
0.128975
0.028621
0.942508
0.185344
0.393470
0.542410
0.018556
0.448783
0.201340
