0.403222
0.430847
0.128399
0.702601
0.169728
0.050364
0.861969
0.459071
0.392200
0.289615
0.772876
0.873543
0.877874
0.056140
0.139826
0.093419
0.122205
0.688362
0.998622
0.751923
0.059945
0.564693
0.530300
0.401636
0.444367
0.534858
0.874813
0.830143
0.058562
0.872815
0.893358
0.875536
0.121812
0.181897
0.809234
0.104090
0.241891
0.400350
0.743587
0.499374
0.499818
0.320687
0.789428
0.113363
0.594628
0.773211
0.052705
0.094985
0.497044
0.623437
0.844398
0.367623
0.473587
0.658896
0.732081
0.997888
0.934882
0.298284
0.096574
0.161665
0.269882
0.165400
0.273137
0.243280
0.531324
0.061378
0.299259
0.883548
0.707525
0.758163
0.224909
0.683877
0.484702
0.098741
0.999571
0.937696
0.097571
0.553343
0.795301
0.183558
0.571092
0.928575
0.020044
0.447203
0.181622
0.908590
0.567018
0.011903
0.676075
0.196651
0.016567
0.471423
0.496822
0.588636
0.510083
0.781525
0.914386
0.479783
0.020149
0.246008
