0.725249
0.681750
0.910387
0.911472
0.401339
0.728958
0.410203
0.117179
0.996131
0.239956
0.714891
0.639915
0.516825
0.488324
0.308302
0.833800
0.432912
0.711620
0.005681
0.183170
0.832584
0.716874
0.956228
0.362680
0.633273
0.356861
0.386470
0.288267
0.188332
0.753401
0.290330
0.258098
0.614561
0.423867
0.043682
0.499152
0.966526
0.871719
0.251747
0.134648
0.398673
0.438306
0.356585
0.022018
0.881169
0.456514
0.338623
0.599925
0.546200
0.959565
0.702483
0.998881
0.529276
0.925202
0.247133
0.531780
0.313736
0.926406
0.443528
0.444367
0.112848
0.347210
0.006531
0.898365
0.973173
0.593805
0.234562
0.178993
0.166627
0.724669
0.499041
0.875717
0.108764
0.619885
0.376401
0.696137
0.754537
0.013139
0.821193
0.489754
0.341291
0.913623
0.226880
0.554614
0.034257
0.883811
0.878501
0.319578
0.326620
0.077307
0.624858
0.289536
0.220298
0.365752
0.799620
0.672169
0.053546
0.588636
0.835517
0.611133
