0.267628
0.259925
0.874632
0.746334
0.068479
0.764817
0.994956
0.823058
0.702953
0.142006
0.054264
0.558546
0.965232
0.412312
0.648220
0.928506
0.082220
0.135077
0.945500
0.683995
0.692370
0.756918
0.271544
0.664943
0.053734
0.189755
0.250605
0.866463
0.865625
0.672406
0.884599
0.677021
0.784168
0.223537
0.421419
0.223602
0.653203
0.220105
0.144398
0.571208
0.072289
0.776546
0.333593
0.551266
0.095872
0.661387
0.545855
0.635526
0.261246
0.553921
0.307555
0.314241
0.578328
0.742441
0.162818
0.086043
0.053433
0.374881
0.779869
0.754082
0.038600
0.195829
0.884773
0.508404
0.454177
0.843805
0.347752
0.680214
0.722927
0.902046
0.581603
0.834508
0.203749
0.761326
0.823368
0.055768
0.700487
0.307057
0.531666
0.574240
0.007202
0.228533
0.652728
0.586758
0.175806
0.701309
0.019627
0.842418
0.941574
0.116725
0.604404
0.504382
0.302197
0.796167
0.896375
0.916427
0.570742
0.832280
0.381654
0.843310
