0.671104
0.312224
0.371759
0.157755
0.165451
0.093886
0.007462
0.980579
0.138592
0.042224
0.153685
0.939937
0.995200
0.012290
0.716174
0.423765
0.633510
0.192108
0.691427
0.900663
0.022449
0.308551
0.078870
0.189812
0.549653
0.274432
0.045493
0.730578
0.336498
0.182505
0.376020
0.067893
0.006701
0.328093
0.938276
0.924490
0.509187
0.566901
0.576925
0.270863
0.073634
0.151069
0.266432
0.980348
0.407702
0.390738
0.188559
0.569694
0.056692
0.132017
0.640626
0.354112
0.930643
0.011658
0.581954
0.110447
0.489203
0.929475
0.052947
0.115595
0.274203
0.451529
0.634459
0.527799
0.893021
0.255847
0.793023
0.678677
0.310467
0.999478
0.575407
0.701896
0.750442
0.821193
0.239887
0.786364
0.313736
0.660082
0.811350
0.752491
0.015811
0.408601
0.197948
0.486676
0.652491
0.221589
0.496047
0.386953
0.206425
0.074265
0.547695
0.320687
0.869885
0.310300
0.422744
0.176235
0.555885
0.343256
0.813669
0.876168
