0.504159
0.829735
0.601574
0.897123
0.056891
0.972852
0.896375
0.761101
0.617873
0.266656
0.034245
0.189071
0.626991
0.696255
0.997526
0.851155
0.728611
0.773545
0.547350
0.760537
0.778652
0.453859
0.296261
0.801661
0.219077
0.724204
0.279890
0.971040
0.548616
0.323859
0.331490
0.046972
0.991768
0.233751
0.338357
0.933418
0.977331
0.339688
0.042285
0.307057
0.040042
0.830143
0.063983
0.120834
0.362680
0.446046
0.356677
0.357781
0.751126
0.405209
0.342005
0.438202
0.996781
0.531438
0.448889
0.539774
0.600514
0.772207
0.554729
0.910698
0.668379
0.558894
0.846859
0.023250
0.692488
0.561907
0.053809
0.659371
0.459498
0.150881
0.628057
0.445521
0.155709
0.210555
0.734274
0.990258
0.477822
0.963044
0.171034
0.269355
0.620122
0.857987
0.864691
0.818801
0.458858
0.611961
0.267853
0.786035
0.758050
0.424787
0.400153
0.160667
0.200443
0.849306
0.058501
0.514461
0.268078
0.207467
0.350468
0.331927
