0.156340
0.494387
0.806258
0.897206
0.015537
0.722462
0.326274
0.842120
0.502710
0.408901
0.275962
0.544361
0.193671
0.978924
0.856650
0.478040
0.826151
0.054896
0.757484
0.829429
0.033142
0.647508
0.268003
0.480438
0.939620
0.317707
0.862628
0.316859
0.934019
0.563764
0.923774
0.785816
0.165553
0.141693
0.552535
0.961377
0.324375
0.164080
0.353381
0.394938
0.061612
0.794976
0.353107
0.827383
0.090567
0.829735
0.898530
0.656643
0.541722
0.791064
0.954503
0.214120
0.849013
0.698372
0.240577
0.392981
0.919922
0.177205
0.884249
0.076031
0.545625
0.823265
0.948756
0.813985
0.033555
0.150928
0.154502
0.639677
0.616690
0.026756
0.494830
0.621305
0.255775
0.257734
0.111642
0.759520
0.532691
0.983936
0.954121
0.440495
0.111025
0.840628
0.878053
0.721532
0.161765
0.034307
0.132185
0.411709
0.130509
0.242793
0.616453
0.656168
0.285743
0.393372
0.231264
0.507397
0.597099
0.471423
0.991768
0.932881
