0.780863
0.971707
0.057470
0.477931
0.649288
0.063872
0.207590
0.475974
0.236395
0.393861
0.114511
0.300318
0.118591
0.187256
0.023129
0.207835
0.051116
0.563300
0.557968
0.416143
0.838931
0.388794
0.548962
0.076888
0.911781
0.295696
0.309800
0.629479
0.039999
0.856363
0.673353
0.134691
0.881346
0.897040
0.266880
0.762454
0.905265
0.983789
0.005526
0.157119
0.697078
0.318727
0.106126
0.358517
0.104432
0.103407
0.934949
0.488324
0.889532
0.676193
0.550575
0.288505
0.838631
0.443319
0.333417
0.979303
0.330355
0.419791
0.081832
0.073509
0.231130
0.890814
0.292564
0.695784
0.310801
0.072909
0.597923
0.342719
0.372892
0.930779
0.898694
0.986330
0.455664
0.042604
0.441435
0.930506
0.644186
0.113179
0.432085
0.347933
0.762341
0.545051
0.978959
0.694019
0.325669
0.328788
0.700722
0.911163
0.828407
0.786912
0.673827
0.711737
0.642643
0.970236
0.167862
0.680569
0.878501
0.428068
0.672288
0.033750
