0.200622
0.929751
0.225499
0.365846
0.056653
0.257880
0.450789
0.257371
0.606174
0.569461
0.493172
0.186974
0.401735
0.205875
0.563068
0.197830
0.759068
0.560052
0.975703
0.749759
0.645372
0.016852
0.397688
0.742785
0.889618
0.473804
0.028162
0.888673
0.596275
0.807748
0.203507
0.909061
0.012238
0.357596
0.626991
0.272909
0.631257
0.635645
0.405906
0.603225
0.307555
0.253324
0.684703
0.034745
0.242793
0.817235
0.230529
0.164232
0.706119
0.380312
0.685766
0.184505
0.727568
0.770421
0.052042
0.533603
0.921095
0.652965
0.476843
0.945921
0.165860
0.566785
0.185848
0.712555
0.878232
0.510307
0.095332
0.066185
0.579380
0.357504
0.381654
0.801339
0.571092
0.997290
0.191878
0.765154
0.470558
0.745533
0.282299
0.290569
0.622845
0.951564
0.904064
0.698842
0.998205
0.695314
0.918443
0.829633
0.313820
0.724088
0.080380
0.522923
0.858559
0.748846
0.498153
0.878947
0.700487
0.353381
0.565158
0.252749
