0.602046
0.467108
0.761890
0.155419
0.317622
0.496490
0.359532
0.106929
0.661979
0.139737
0.820570
0.096542
0.977906
0.452269
0.431982
0.638610
0.438827
0.301461
0.799512
0.246148
0.325928
0.520774
0.116422
0.919848
0.930506
0.550690
0.434153
0.085898
0.575524
0.740145
0.960023
0.855500
0.259632
0.424787
0.579380
0.826459
0.565506
0.013378
0.581603
0.362680
0.715241
0.251104
0.670630
0.622963
0.902451
0.775769
0.027314
0.261982
0.204415
0.855884
0.032497
0.391908
0.414830
0.649999
0.990902
0.371193
0.257225
0.908119
0.243838
0.417864
0.976857
0.009505
0.586993
0.804018
0.931597
0.605466
0.032818
0.179593
0.248404
0.239474
0.137936
0.165553
0.200921
0.564112
0.581369
0.037246
0.808173
0.534402
0.343077
0.369311
0.355851
0.661149
0.720601
0.273670
0.830857
0.302935
0.188729
0.726757
0.993450
0.679268
0.210058
0.972446
0.714307
0.351559
0.580901
0.259852
0.681632
0.110988
0.471206
0.444472
