0.186805
0.135895
0.446467
0.265761
0.444052
0.850961
0.126075
0.852706
0.677376
0.054169
0.763467
0.255413
0.007970
0.216396
0.548271
0.203991
0.340400
0.762454
0.034569
0.192512
0.524962
0.164232
0.250962
0.774324
0.920582
0.760424
0.076160
0.656050
0.825842
0.003549
0.516600
0.493835
0.155032
0.960878
0.139649
0.718156
0.291286
0.193265
0.021115
0.886427
0.949855
0.438410
0.659371
0.770533
0.080326
0.098252
0.970534
0.317029
0.134264
0.007331
0.725945
0.288188
0.714541
0.149846
0.827075
0.133795
0.509299
0.058399
0.755104
0.001515
0.664232
0.400251
0.505833
0.122994
0.633747
0.713023
0.084013
0.469371
0.244187
0.976004
0.631376
0.235443
0.152396
0.539545
0.560864
0.885819
0.287082
0.333241
0.328701
0.113363
0.885384
0.926406
0.734851
0.271544
0.654508
0.323945
0.775325
0.891070
0.502821
0.684703
0.632087
0.140091
0.861308
0.026964
0.756465
0.810504
0.835718
0.137325
0.200682
0.998000
