0.933150
0.712789
0.365939
0.404811
0.028432
0.913318
0.898447
0.968147
0.891920
0.750784
0.006251
0.698960
0.725713
0.006853
0.543213
0.478693
0.206486
0.438410
0.384346
0.653559
0.524735
0.850670
0.715241
0.962947
0.457259
0.252391
0.034046
0.620595
0.846270
0.378115
0.849013
0.103136
0.856650
0.680805
0.205875
0.293445
0.353929
0.836322
0.075721
0.703774
0.532349
0.336145
0.984714
0.656643
0.004921
0.593334
0.901396
0.384250
0.260438
0.981774
0.819738
0.161865
0.488434
0.913623
0.713373
0.004636
0.254980
0.935081
0.480547
0.845089
0.204780
0.237828
0.204597
0.364354
0.979880
0.790846
0.535429
0.064605
0.851253
0.724553
0.289218
0.323257
0.727336
0.053809
0.444891
0.059903
0.491958
0.041923
0.750328
0.867206
0.233886
0.883197
0.592512
0.334295
0.986224
0.028991
0.259193
0.103339
0.841126
0.394840
0.776768
0.797032
0.179757
0.857797
0.866741
0.586641
0.829429
0.764705
0.252248
0.766951
