0.056593
0.341469
0.844595
0.473912
0.611842
0.113769
0.907014
0.730693
0.328701
0.540920
0.532007
0.457153
0.151069
0.931665
0.274127
0.250249
0.001523
0.727684
0.174576
0.042863
0.197889
0.071698
0.659252
0.596275
0.726293
0.652491
0.412613
0.222237
0.362866
0.363516
0.302115
0.195419
0.645016
0.463134
0.128646
0.420910
0.866090
0.430022
0.938083
0.359255
0.027163
0.951169
0.254547
0.961327
0.081117
0.485359
0.615744
0.295938
0.210741
0.565158
0.346399
0.460566
0.210244
0.526209
0.267778
0.055301
0.613379
0.653677
0.889960
0.026854
0.272302
0.656050
0.420503
0.586407
0.759972
0.555423
0.355301
0.480983
0.325410
0.763693
0.322656
0.446151
0.073886
0.402924
0.123391
0.494609
0.120405
0.547810
0.070505
0.296261
0.454177
0.003364
0.025623
0.192339
0.902451
0.652728
0.560632
0.293766
0.342541
0.299422
0.942011
0.508739
0.568064
0.061165
0.382422
0.586524
0.973133
0.146547
0.750101
0.911781
