0.758842
0.889875
0.586524
0.417256
0.809128
0.779095
0.499152
0.265835
0.592864
0.087410
0.461849
0.561443
0.993066
0.071919
0.859794
0.183114
0.056891
0.219526
0.230930
0.949163
0.053171
0.663402
0.891240
0.489974
0.257953
0.539774
0.098415
0.929544
0.787022
0.115332
0.993049
0.112079
0.042940
0.097507
0.109013
0.317877
0.090446
0.751923
0.653559
0.745304
0.051332
0.248192
0.302853
0.812300
0.324375
0.321885
0.080761
0.840927
0.013194
0.195478
0.479129
0.170825
0.994459
0.815140
0.873634
0.055670
0.531210
0.876798
0.032167
0.397983
0.463241
0.243978
0.781525
0.595804
0.952574
0.849794
0.237965
0.476083
0.768743
0.591806
0.078844
0.790083
0.030540
0.593687
0.927179
0.820778
0.681632
0.208266
0.715708
0.249397
0.124107
0.889703
0.002924
0.722578
0.384153
0.889618
0.388116
0.639796
0.463563
0.574940
0.395723
0.911549
0.413822
0.395527
0.866834
0.175752
0.751809
0.934551
0.371570
0.944533
