0.449944
0.986774
0.548386
0.147008
0.462063
0.733120
0.161815
0.973453
0.092891
0.809552
0.991596
0.862816
0.430228
0.095523
0.047965
0.344332
0.369311
0.474671
0.849794
0.812511
0.040855
0.491517
0.071404
0.145401
0.663046
0.759633
0.131597
0.034482
0.134264
0.769191
0.053564
0.860552
0.668616
0.233346
0.997526
0.034120
0.343525
0.691309
0.865531
0.867020
0.954012
0.971458
0.932881
0.973013
0.149658
0.095649
0.172402
0.639440
0.292164
0.892936
0.763467
0.108835
0.957497
0.461100
0.603932
0.414729
0.545740
0.422438
0.250107
0.620950
0.177853
0.938790
0.184282
0.862157
0.042224
0.493061
0.118821
0.314999
0.173884
0.668616
0.415739
0.818801
0.784498
0.586876
0.890814
0.587814
0.429713
0.801876
0.768184
0.121969
0.807748
0.337914
0.045510
0.449838
0.046872
0.347571
0.869793
0.360826
0.615152
0.084694
0.322399
0.815140
0.003907
0.247204
0.839531
0.426733
0.967071
0.915749
0.644898
0.399067
