0.116914
0.340845
0.642169
0.576225
0.711737
0.058359
0.692134
0.208944
0.872906
0.455239
0.643948
0.681041
0.806471
0.096702
0.468185
0.871170
0.138505
0.362401
0.420198
0.226156
0.756691
0.301870
0.702249
0.679032
0.712672
0.274585
0.111315
0.122362
0.080081
0.653796
0.412010
0.729768
0.123908
0.493503
0.029216
0.933418
0.614561
0.206854
0.434464
0.622134
0.040592
0.024157
0.398870
0.921168
0.283391
0.851738
0.159181
0.227342
0.620240
0.576458
0.182726
0.177097
0.667076
0.419081
0.798003
0.123629
0.908276
0.434257
0.991024
0.926124
0.480983
0.025842
0.202722
0.514574
0.984742
0.627346
0.335087
0.550459
0.605702
0.965651
0.348385
0.650355
0.411307
0.610897
0.079111
0.533603
0.715591
0.702366
0.149377
0.384828
0.431982
0.407402
0.155806
0.491847
0.698960
0.619175
0.080434
0.332628
0.475974
0.115933
0.021115
0.396606
0.559821
0.344870
0.433843
0.317029
0.327659
0.724669
0.613261
0.994160
