0.572374
0.999909
0.689070
0.010584
0.102290
0.353107
0.639796
0.103441
0.202301
0.592276
0.461528
0.568297
0.423969
0.043682
0.650355
0.963622
0.997835
0.006641
0.738881
0.972892
0.363702
0.869977
0.390252
0.191878
0.949105
0.962019
0.451106
0.888587
0.862345
0.659371
0.176881
0.238787
0.810293
0.793674
0.122441
0.264571
0.506950
0.500485
0.451740
0.549422
0.125752
0.868040
0.935608
0.807429
0.545855
0.119979
0.725017
0.740490
0.718855
0.561443
0.988317
0.590044
0.095491
0.224451
0.109764
0.219077
0.969289
0.133497
0.453965
0.930574
0.749074
0.205692
0.101719
0.665773
0.166474
0.473696
0.666365
0.562139
0.530869
0.608653
0.796924
0.569228
0.644779
0.872541
0.147331
0.907488
0.284879
0.079730
0.633984
0.267030
0.020446
0.453117
0.288505
0.636119
0.524962
0.367904
0.304991
0.088798
0.296423
0.457366
0.980776
0.718389
0.885384
0.148119
0.192512
0.541493
0.696726
0.757144
0.919480
0.591336
