0.736119
0.480438
0.085151
0.020817
0.581837
0.166422
0.504605
0.187935
0.970788
0.551382
0.472829
0.232203
0.501486
0.529049
0.026667
0.593569
0.713840
0.583711
0.044930
0.971790
0.480983
0.435086
0.475974
0.145858
0.765379
0.298041
0.184003
0.119630
0.903179
0.572840
0.132396
0.074088
0.114103
0.248475
0.282766
0.873543
0.405807
0.587932
0.416750
0.689187
0.302443
0.549422
0.498264
0.970492
0.043604
0.406006
0.442376
0.496268
0.208451
0.745076
0.339688
0.190728
0.388892
0.240577
0.926335
0.166935
0.300971
0.401636
0.804659
0.149752
0.837729
0.730809
0.166064
0.876528
0.707057
0.209439
0.531666
0.049745
0.040563
0.142500
0.941699
0.613142
0.884161
0.096542
0.754537
0.901233
0.733351
0.822437
0.313315
0.463134
0.006121
0.970534
0.258390
0.128522
0.324203
0.637068
0.788882
0.844200
0.759068
0.046739
0.749417
0.470666
0.957602
0.970279
0.656643
0.622963
0.453329
0.444576
0.466570
0.227276
