0.800373
0.350377
0.125873
0.462598
0.471855
0.500040
0.178939
0.506726
0.302361
0.446782
0.478911
0.294408
0.548846
0.718273
0.235715
0.850864
0.148444
0.464850
0.265612
0.550920
0.788007
0.468292
0.048839
0.590984
0.093574
0.832178
0.118975
0.571208
0.251318
0.631257
0.947879
0.896375
0.300971
0.207528
0.099758
0.411709
0.297879
0.785048
0.745533
0.057309
0.166987
0.074392
0.634933
0.606174
0.888501
0.906538
0.915749
0.004389
0.303345
0.794434
0.872359
0.330529
0.980972
0.977186
0.363609
0.280355
0.988904
0.265835
0.641931
0.692370
0.469155
0.275732
0.256354
0.971707
0.348023
0.110267
0.671459
0.448678
0.355393
0.131471
0.441331
0.214561
0.983701
0.588518
0.899927
0.228400
0.688244
0.885993
0.060953
0.236259
0.279813
0.853189
0.296827
0.414326
0.667432
0.656168
0.165706
0.916727
0.994488
0.645847
0.489314
0.132692
0.813459
0.955424
0.562371
0.168068
0.830653
0.807535
0.651660
0.525529
