0.384250
0.179811
0.410203
0.295374
0.597099
0.357504
0.389183
0.588401
0.591689
0.302361
0.301379
0.249965
0.142635
0.178450
0.201280
0.782738
0.388406
0.099824
0.304909
0.329832
0.721648
0.854828
0.745991
0.398279
0.449310
0.065707
0.611606
0.340667
0.170511
0.504828
0.877067
0.365286
0.377543
0.138812
0.418269
0.232404
0.902451
0.472829
0.812089
0.042028
0.001233
0.350196
0.475214
0.383095
0.416244
0.977870
0.739226
0.360363
0.756805
0.309966
0.717107
0.251676
0.687536
0.380983
0.478258
0.584883
0.670985
0.748276
0.289774
0.740030
0.734966
0.027435
0.838631
0.909452
0.926899
0.266357
0.971124
0.258244
0.086943
0.632680
0.583476
0.957654
0.061207
0.061741
0.231197
0.178070
0.869977
0.384828
0.752946
0.628650
0.599218
0.565855
0.722345
0.657236
0.527571
0.943984
0.694019
0.712322
0.303674
0.532007
0.902613
0.776879
0.353655
0.996831
0.697196
0.934684
0.714774
0.619175
0.292324
0.259705
