0.472288
0.247415
0.566552
0.219462
0.410404
0.779979
0.551728
0.276575
0.651067
0.800695
0.201760
0.442376
0.595804
0.245587
0.046326
0.328440
0.412714
0.633747
0.739686
0.142815
0.915144
0.916351
0.347752
0.254403
0.256717
0.141783
0.595334
0.493835
0.003878
0.411910
0.192744
0.350196
0.933618
0.769974
0.550575
0.697666
0.265165
0.197948
0.458325
0.693665
0.580667
0.235919
0.636119
0.309300
0.889361
0.776990
0.052613
0.200801
0.226550
0.649525
0.837829
0.920948
0.072586
0.541952
0.597216
0.112738
0.377638
0.939301
0.835416
0.158295
0.235307
0.111933
0.355943
0.658303
0.248122
0.257661
0.456089
0.053339
0.290649
0.299097
0.228400
0.882405
0.035151
0.553459
0.145950
0.118975
0.215193
0.049081
0.294650
0.348656
0.384925
0.501931
0.394546
0.017509
0.866927
0.011834
0.316013
0.040490
0.202361
0.832888
0.536114
0.039442
0.115295
0.905903
0.244816
0.571908
0.481529
0.059674
0.482841
0.254908
