0.832381
0.049886
0.987709
0.749074
0.499929
0.738766
0.092737
0.124187
0.875356
0.313315
0.018093
0.711153
0.883285
0.426016
0.404314
0.790846
0.326014
0.748047
0.490855
0.883548
0.537714
0.392200
0.234291
0.700722
0.819322
0.531210
0.850767
0.596157
0.424582
0.546775
0.951902
0.996188
0.691899
0.887553
0.238170
0.514686
0.200742
0.458751
0.074875
0.300399
0.930848
0.740605
0.578328
0.375166
0.574007
0.462920
0.556232
0.853286
0.887726
0.231063
0.545970
0.849306
0.689777
0.808385
0.398180
0.300399
0.641457
0.515136
0.713607
0.960527
0.385407
0.567599
0.540232
0.418168
0.828509
0.489534
0.276652
0.446257
0.310133
0.774991
0.760085
0.631139
0.534744
0.088234
0.321457
0.127253
0.193149
0.525756
0.803162
0.786693
0.098057
0.022067
0.978924
0.464850
0.601339
0.100386
0.367529
0.228865
0.769974
0.517389
0.232471
0.900989
0.080625
0.505051
0.452375
0.374596
0.825739
0.274203
0.663046
0.194194
