0.879571
0.421521
0.114697
0.070312
0.516825
0.320090
0.734966
0.718855
0.238856
0.507621
0.495051
0.900254
0.770198
0.252463
0.160717
0.024023
0.944593
0.582774
0.868964
0.769862
0.950600
0.483826
0.652016
0.928853
0.195010
0.875084
0.960376
0.744045
0.930026
0.266432
0.183503
0.259193
0.758729
0.426016
0.314325
0.924846
0.920948
0.068432
0.800373
0.980082
0.696726
0.408901
0.837829
0.702718
0.369687
0.312560
0.643355
0.998999
0.566901
0.201041
0.520661
0.582422
0.015987
0.980776
0.373649
0.884686
0.143220
0.043063
0.594863
0.945380
0.711737
0.143944
0.087264
0.210741
0.460459
0.208883
0.889789
0.075105
0.333066
0.949221
0.459925
0.021378
0.638373
0.414124
0.738536
0.780311
0.303756
0.893780
0.311638
0.328701
0.434464
0.760085
0.114548
0.717107
0.494166
0.782958
0.875084
0.452481
0.086043
0.123232
0.765267
0.539087
0.928019
0.638610
0.996267
0.509411
0.278499
0.742670
0.193381
0.785377
