0.341469
0.941699
0.897123
0.932948
0.342719
0.119322
0.382038
0.611842
0.009395
0.138286
0.700370
0.365846
0.452693
0.263237
0.632206
0.311136
0.586993
0.994296
0.714307
0.482185
0.788117
0.603579
0.190270
0.480983
0.084296
0.919258
0.832381
0.634340
0.507509
0.876798
0.538744
0.510195
0.415133
0.307803
0.526209
0.368185
0.830653
0.189527
0.338268
0.659964
0.797248
0.057050
0.835718
0.659015
0.447098
0.362680
0.870345
0.998639
0.483607
0.266134
0.224124
0.501041
0.593569
0.427657
0.737270
0.856841
0.959208
0.404115
0.177637
0.100950
0.350831
0.494830
0.295213
0.354661
0.901478
0.182726
0.397786
0.341291
0.381270
0.086622
0.634696
0.528708
0.232203
0.752264
0.689777
0.321371
0.339244
0.082860
0.711387
0.588166
0.350105
0.669564
0.122165
0.929130
0.661742
0.590279
0.074493
0.106754
0.905025
0.838130
0.502042
0.268003
0.003349
0.234765
0.449099
0.246289
0.168845
0.087381
0.811350
0.341291
