0.763242
0.317029
0.111496
0.886167
0.135206
0.815245
0.888931
0.145584
0.708813
0.653084
0.283079
0.160468
0.722462
0.395134
0.706705
0.847448
0.098708
0.018995
0.055905
0.004776
0.847546
0.473587
0.078577
0.940128
0.675602
0.335616
0.475757
0.779316
0.640271
0.434879
0.676667
0.438202
0.392200
0.176182
0.996881
0.208513
0.875446
0.897621
0.249610
0.553343
0.875717
0.010519
0.059281
0.621305
0.579731
0.998332
0.720717
0.963382
0.664824
0.408101
0.915220
0.018973
0.293445
0.788226
0.971500
0.345409
0.460459
0.824194
0.480983
0.716058
0.040418
0.101719
0.005779
0.297555
0.541837
0.896874
0.578562
0.052171
0.507397
0.315337
0.556116
0.638728
0.013388
0.134777
0.553574
0.152682
0.498708
0.496047
0.687536
0.110339
0.088116
0.000210
0.822126
0.434879
0.646321
0.092336
0.751581
0.029398
0.936787
0.045965
0.491076
0.883460
0.112921
0.594745
0.902694
0.788991
0.743587
0.019167
0.100950
0.703891
