0.198717
0.816503
0.861969
0.791718
0.219976
0.847840
0.434153
0.674182
0.803269
0.095840
0.895708
0.331665
0.645728
0.669209
0.051768
0.620595
0.053564
0.071380
0.847546
0.754423
0.099791
0.969115
0.249397
0.796599
0.568064
0.840229
0.855788
0.593452
0.380217
0.222691
0.842815
0.626043
0.203507
0.430331
0.559125
0.679623
0.449310
0.007613
0.272529
0.483935
0.605112
0.028621
0.476843
0.187030
0.169989
0.052336
0.797140
0.499041
0.375545
0.560516
0.809446
0.611842
0.749645
0.498486
0.073987
0.937696
0.222432
0.132819
0.667432
0.337471
0.024564
0.463885
0.193787
0.447729
0.743014
0.359070
0.773099
0.021570
0.833496
0.970151
0.922838
0.600160
0.427965
0.441331
0.159626
0.989827
0.590867
0.922693
0.795626
0.482841
0.570975
0.404215
0.006170
0.130135
0.215509
0.292164
0.591336
0.086043
0.675128
0.422744
0.401735
0.570509
0.812511
0.306560
0.642050
0.588518
0.236327
0.557273
0.780974
0.511204
