0.141291
0.244746
0.551958
0.890985
0.540347
0.968059
0.974516
0.137892
0.030030
0.701896
0.303592
0.659845
0.817444
0.544361
0.047508
0.007067
0.736579
0.251533
0.964857
0.478584
0.471531
0.731734
0.658422
0.971790
0.875897
0.860647
0.449310
0.915674
0.360456
0.899270
0.681160
0.669445
0.874088
0.676667
0.852512
0.264126
0.267703
0.498930
0.466140
0.647389
0.107561
0.540461
0.441749
0.653203
0.805406
0.836020
0.585469
0.173247
0.867762
0.398870
0.079165
0.966890
0.951677
0.364354
0.017681
0.094512
0.609243
0.290728
0.928922
0.539087
0.420096
0.350650
0.020646
0.973771
0.782297
0.294167
0.870804
0.881080
0.728611
0.869885
0.338711
0.675483
0.745190
0.528594
0.471639
0.742211
0.926406
0.070120
0.320858
0.343525
0.149471
0.502599
0.469910
0.498153
0.521679
0.031401
0.214309
0.610425
0.438827
0.733004
0.417155
0.988812
0.521679
0.540003
0.617400
0.509523
0.871719
0.632917
0.927530
0.382902
