0.349018
0.959616
0.959565
0.620950
0.501374
0.311470
0.836322
0.317622
0.760988
0.314241
0.602871
0.294810
0.631494
0.747248
0.791173
0.575524
0.187313
0.562139
0.731156
0.183503
0.903098
0.906856
0.302279
0.608181
0.388989
0.952686
0.190671
0.631376
0.153494
0.724204
0.174576
0.135550
0.304250
0.198362
0.743816
0.014288
0.749645
0.831365
0.789865
0.303921
0.393177
0.889703
0.664232
0.040302
0.830245
0.045300
0.457898
0.900663
0.177151
0.616572
0.620713
0.421521
0.704595
0.868132
0.999412
0.728842
0.997919
0.752491
0.087440
0.249610
0.120172
0.042421
0.131891
0.720368
0.913394
0.211364
0.824400
0.513113
0.308468
0.494277
0.569927
0.271317
0.079058
0.256064
0.519645
0.117293
0.776435
0.486786
0.825122
0.810927
0.017410
0.107913
0.713373
0.356769
0.501708
0.325842
0.148584
0.437890
0.785157
0.072959
0.088234
0.954285
0.575991
0.066780
0.123153
0.950771
0.312727
0.330268
0.353381
0.902289
