0.748732
0.630428
0.045558
0.289536
0.474997
0.489424
0.756011
0.054207
0.461314
0.969246
0.914538
0.843310
0.325496
0.761326
0.559357
0.196181
0.154117
0.553690
0.016948
0.034582
0.013548
0.879036
0.278191
0.728611
0.378974
0.859414
0.731965
0.006982
0.573657
0.191245
0.483607
0.763355
0.711387
0.864878
0.967836
0.883811
0.635052
0.615152
0.140757
0.449205
0.938083
0.943372
0.419893
0.876528
0.414527
0.523263
0.067334
0.049974
0.103543
0.436746
0.169052
0.654508
0.492399
0.541722
0.109943
0.427349
0.889960
0.541493
0.246570
0.264719
0.636712
0.891835
0.348204
0.387340
0.575407
0.470774
0.549653
0.269882
0.289933
0.606056
0.381558
0.014906
0.922259
0.684231
0.882581
0.660557
0.760762
0.993351
0.401141
0.296827
0.086390
0.023180
0.038921
0.955961
0.659726
0.622963
0.537714
0.896625
0.150409
0.214750
0.564809
0.428479
0.219912
0.332277
0.202241
0.608417
0.716874
0.232404
0.481639
0.918666
