0.083843
0.509075
0.220620
0.014458
0.577042
0.461314
0.759294
0.485798
0.707993
0.233683
0.031828
0.999219
0.601103
0.097539
0.522131
0.778320
0.259193
0.839531
0.710451
0.307720
0.222821
0.704361
0.257734
0.289377
0.971166
0.480765
0.345319
0.003206
0.532805
0.906776
0.221266
0.385697
0.776657
0.771426
0.716408
0.307057
0.597923
0.925557
0.301052
0.844299
0.014742
0.526550
0.737155
0.507173
0.288742
0.689070
0.169052
0.155903
0.581720
0.154887
0.655575
0.198125
0.842319
0.135852
0.867577
0.246218
0.487115
0.172824
0.096606
0.216206
0.557852
0.489644
0.036579
0.481966
0.931053
0.035561
0.208328
0.173778
0.467323
0.953737
0.094733
0.844299
0.696961
0.432808
0.172243
0.041149
0.282766
0.007143
0.465387
0.213742
0.763242
0.063235
0.151211
0.488763
0.325496
0.794542
0.703539
0.852996
0.263755
0.990130
0.236259
0.835315
0.057309
0.951621
0.992790
0.387147
0.627702
0.193787
0.176235
0.401438
