0.569810
0.177151
0.657117
0.914157
0.084381
0.144671
0.963526
0.759633
0.713140
0.414729
0.098480
0.303510
0.325324
0.924275
0.636356
0.003216
0.369405
0.955424
0.071944
0.454389
0.362494
0.945561
0.782738
0.017364
0.370911
0.598865
0.345679
0.701427
0.699900
0.494498
0.655219
0.027986
0.187595
0.309300
0.925060
0.349199
0.385890
0.571908
0.499485
0.498597
0.530527
0.129182
0.886688
0.224778
0.533489
0.993401
0.018810
0.422234
0.461100
0.200921
0.377924
0.043745
0.469694
0.526777
0.239337
0.824607
0.671696
0.820778
0.841026
0.902370
0.078231
0.756351
0.323257
0.903903
0.651423
0.745648
0.524169
0.853382
0.060868
0.180578
0.900418
0.312644
0.186017
0.401339
0.756125
0.562487
0.936917
0.262129
0.366406
0.328614
0.942135
0.690484
0.420910
0.459605
0.227474
0.604640
0.164536
0.673235
0.357596
0.958487
0.785157
0.576225
0.180797
0.561327
0.049447
0.841026
0.899681
0.530527
0.527004
0.141380
