0.760424
0.879304
0.254835
0.081117
0.534174
0.165962
0.209686
0.744274
0.123192
0.919848
0.656999
0.296665
0.280355
0.766838
0.791935
0.196122
0.720601
0.684231
0.624147
0.997543
0.754537
0.864597
0.615389
0.365659
0.380600
0.323515
0.718971
0.925628
0.180085
0.452799
0.188218
0.433843
0.070650
0.766726
0.898447
0.944411
0.371099
0.603461
0.386470
0.121655
0.542181
0.248475
0.248192
0.079138
0.304661
0.752491
0.569578
0.572957
0.922621
0.655457
0.877516
0.719903
0.994341
0.106265
0.970151
0.837929
0.580433
0.064027
0.991303
0.228069
0.482622
0.173512
0.051008
0.189299
0.835113
0.405209
0.634933
0.694372
0.859889
0.683877
0.520209
0.063366
0.673471
0.714541
0.467646
0.060489
0.578328
0.366406
0.284408
0.047441
0.624977
0.817026
0.388212
0.250249
0.173831
0.436227
0.026256
0.118246
0.150881
0.760424
0.227937
0.865438
0.801554
0.946280
0.875446
0.046342
0.900172
0.000425
0.121341
0.728495
