0.779427
0.083618
0.780532
0.551036
0.337382
0.241683
0.928922
0.437162
0.629361
0.552997
0.533831
0.358057
0.423561
0.931597
0.660912
0.099626
0.284565
0.264274
0.972446
0.120834
0.046772
0.070264
0.669445
0.927530
0.371759
0.852706
0.898530
0.397491
0.663402
0.572840
0.004176
0.534516
0.668142
0.945621
0.641931
0.567948
0.352834
0.798650
0.574707
0.389183
0.502376
0.470666
0.726177
0.370816
0.485688
0.338268
0.991421
0.923198
0.824813
0.340044
0.424276
0.136111
0.849111
0.475214
0.314831
0.137630
0.376496
0.205753
0.144990
0.955854
0.298447
0.178830
0.970872
0.733351
0.600985
0.707759
0.949105
0.047660
0.239956
0.596157
0.643237
0.709047
0.969289
0.856554
0.590632
0.884161
0.554152
0.719670
0.496379
0.502821
0.093356
0.226748
0.272074
0.926547
0.722927
0.641576
0.350650
0.790955
0.653796
0.528026
0.725481
0.287240
0.844101
0.370252
0.210990
0.361289
0.372231
0.038392
0.858844
0.908040
