0.421826
0.513225
0.184449
0.300971
0.967297
0.503156
0.543328
0.636475
0.557968
0.049377
0.358794
0.179757
0.458325
0.032926
0.060195
0.004101
0.192281
0.542869
0.949740
0.501374
0.831060
0.148351
0.651186
0.237760
0.719321
0.569112
0.894368
0.414527
0.402329
0.895123
0.346039
0.984314
0.018114
0.224385
0.520548
0.400745
0.604404
0.014815
0.686710
0.107420
0.291765
0.042710
0.121146
0.794434
0.346129
0.654745
0.557620
0.615862
0.927390
0.500485
0.969506
0.549422
0.100984
0.858559
0.530527
0.793892
0.379356
0.180358
0.802841
0.935279
0.512888
0.307969
0.117141
0.037638
0.515249
0.483497
0.570393
0.338800
0.484264
0.778320
0.723391
0.216143
0.235647
0.779979
0.962704
0.682341
0.569578
0.222626
0.974864
0.072141
0.142905
0.701779
0.990573
0.237008
0.392103
0.627702
0.763918
0.952407
0.705416
0.270485
0.344691
0.822954
0.803162
0.141157
0.831874
0.317877
0.609243
0.065753
0.603343
0.284565
