0.842815
0.658422
0.414527
0.295858
0.038336
0.131178
0.334032
0.084951
0.994400
0.428787
0.880726
0.238307
0.369405
0.043186
0.950314
0.536800
0.038047
0.403917
0.323773
0.481529
0.533717
0.714658
0.291525
0.707408
0.790301
0.404712
0.325151
0.062560
0.448572
0.748846
0.405906
0.249255
0.985822
0.133454
0.620358
0.164739
0.275349
0.658659
0.020623
0.444262
0.864130
0.968545
0.471423
0.738306
0.429816
0.271619
0.306147
0.705299
0.009476
0.295454
0.790519
0.135938
0.017410
0.260511
0.348475
0.716408
0.400350
0.568414
0.690131
0.187256
0.313988
0.374691
0.818697
0.740490
0.412613
0.980082
0.310217
0.645016
0.830755
0.449521
0.105813
0.810927
0.171507
0.084580
0.953572
0.364447
0.574824
0.847644
0.387244
0.425299
0.469586
0.182228
0.192744
0.266805
0.240646
0.788445
0.268303
0.105120
0.786364
0.240922
0.483060
0.631613
0.675602
0.223928
0.882052
0.347842
0.364261
0.933685
0.338800
0.602753
