0.328440
0.726525
0.575641
0.050116
0.168275
0.643711
0.559125
0.012060
0.602517
0.166064
0.858273
0.341648
0.142141
0.681987
0.114884
0.126683
0.081971
0.471639
0.698607
0.565390
0.012214
0.267478
0.545051
0.748162
0.730925
0.332891
0.616690
0.992825
0.587345
0.135206
0.615034
0.788445
0.064138
0.807216
0.177583
0.787460
0.547005
0.666247
0.814405
0.263903
0.047812
0.037018
0.635289
0.847742
0.090265
0.618938
0.451423
0.678086
0.329919
0.910930
0.399856
0.910775
0.950028
0.716291
0.818488
0.820778
0.665417
0.296180
0.833496
0.433843
0.490084
0.203386
0.379356
0.900090
0.773545
0.773545
0.332978
0.372042
0.631020
0.998338
0.655575
0.749759
0.306726
0.089903
0.456089
0.502710
0.200145
0.972242
0.851641
0.248971
0.274127
0.657236
0.038641
0.286058
0.857892
0.812616
0.460459
0.318812
0.191187
0.748390
0.456408
0.894116
0.473912
0.325237
0.974477
0.406105
0.405807
0.710568
0.487444
0.678086
