0.354569
0.715008
0.023616
0.038116
0.962801
0.194952
0.961575
0.735773
0.030596
0.983374
0.850961
0.850864
0.279581
0.839231
0.693430
0.576458
0.209377
0.761778
0.746562
0.660201
0.993384
0.890644
0.794325
0.683641
0.748390
0.441122
0.594040
0.383479
0.690366
0.473479
0.125833
0.344152
0.685294
0.686592
0.797248
0.746905
0.257443
0.612433
0.935477
0.264422
0.593687
0.366593
0.287003
0.852512
0.629598
0.055069
0.907804
0.098285
0.728842
0.038530
0.574357
0.621897
0.588049
0.638254
0.095332
0.391713
0.515924
0.013079
0.168741
0.264422
0.965418
0.373649
0.075901
0.559473
0.225171
0.560516
0.032049
0.150881
0.963909
0.859794
0.969246
0.351650
0.959259
0.793240
0.606292
0.877964
0.682459
0.320773
0.751695
0.680096
0.709281
0.777101
0.542181
0.856937
0.751695
0.428993
0.565274
0.160717
0.857224
0.272150
0.671814
0.732312
0.438098
0.046162
0.540805
0.069760
0.314157
0.426118
0.409402
0.280743
