0.701896
0.970619
0.031550
0.178721
0.880814
0.010909
0.260438
0.462813
0.088205
0.587110
0.306643
0.641457
0.160617
0.814825
0.836020
0.540805
0.432188
0.153590
0.807429
0.796383
0.992825
0.349380
0.759520
0.087440
0.613379
0.640389
0.868779
0.966799
0.551497
0.170406
0.037760
0.157657
0.434671
0.902289
0.343615
0.609716
0.896874
0.346940
0.599218
0.263385
0.572957
0.269957
0.380695
0.140579
0.339155
0.349289
0.466355
0.936852
0.152873
0.341291
0.803697
0.976784
0.082749
0.221978
0.932948
0.299178
0.713140
0.648576
0.905903
0.905823
0.438202
0.745304
0.624621
0.486676
0.915144
0.736464
0.206425
0.372420
0.921532
0.199252
0.615507
0.930984
0.314915
0.907646
0.111242
0.617991
0.248334
0.238444
0.981263
0.530869
0.003327
0.328788
0.318812
0.342451
0.603697
0.640389
0.010511
0.472396
0.659608
0.776657
0.266581
0.510644
0.826562
0.495162
0.568064
0.277113
0.116952
0.519080
0.418168
0.277343
