0.511990
0.422030
0.149846
0.408801
0.244466
0.222951
0.607708
0.267553
0.972649
0.196768
0.235104
0.522357
0.525642
0.264200
0.540920
0.454708
0.554383
0.674182
0.090718
0.647389
0.919184
0.548962
0.596510
0.861969
0.374407
0.372325
0.847056
0.070578
0.974360
0.611015
0.868225
0.584765
0.465710
0.019436
0.347662
0.259047
0.736695
0.996073
0.984912
0.410604
0.120444
0.745304
0.359070
0.907646
0.230529
0.938534
0.484154
0.828407
0.095523
0.295858
0.516938
0.830551
0.727220
0.211052
0.810610
0.521679
0.266432
0.026974
0.441958
0.054264
0.935543
0.656524
0.006143
0.059136
0.431259
0.786474
0.701074
0.980776
0.197770
0.288346
0.231800
0.886601
0.274661
0.756691
0.429507
0.980480
0.435501
0.558315
0.842715
0.706002
0.487994
0.808704
0.599925
0.073609
0.916351
0.751012
0.549537
0.362680
0.371382
0.778984
0.909608
0.150504
0.999976
0.832888
0.924418
0.587462
0.498486
0.625095
0.844891
0.030107
