0.066002
0.162919
0.435397
0.255630
0.038406
0.683404
0.556579
0.079568
0.232136
0.532577
0.842715
0.927179
0.618110
0.411709
0.805406
0.387340
0.033082
0.970956
0.629361
0.194252
0.123828
0.740260
0.425606
0.232942
0.232673
0.976526
0.325496
0.635645
0.649999
0.887380
0.148864
0.796708
0.361567
0.244536
0.610425
0.985740
0.524055
0.870345
0.591102
0.320090
0.045461
0.312392
0.930984
0.590867
0.519306
0.894704
0.515249
0.410905
0.593805
0.645965
0.425299
0.684231
0.450683
0.911549
0.245376
0.864504
0.136283
0.589105
0.754423
0.512888
0.231733
0.282766
0.181677
0.771315
0.169416
0.792588
0.010217
0.901559
0.260071
0.580433
0.264126
0.396017
0.671932
0.657829
0.951169
0.246570
0.789646
0.124347
0.059695
0.276345
0.591806
0.063983
0.226090
0.840429
0.265314
0.001058
0.579965
0.463456
0.354935
0.577626
0.348475
0.845089
0.996573
0.047812
0.094764
0.404314
0.881876
0.627346
0.086593
0.054455
