0.333944
0.943372
0.597805
0.561675
0.866463
0.157804
0.286294
0.094450
0.635052
0.616808
0.461742
0.261761
0.355760
0.326187
0.121851
0.351468
0.289456
0.874632
0.995601
0.819530
0.535201
0.843409
0.219783
0.633984
0.269129
0.864691
0.287951
0.503713
0.543443
0.483935
0.172243
0.062020
0.913700
0.427965
0.472071
0.938662
0.474888
0.482513
0.063410
0.586172
0.235919
0.725133
0.639440
0.406604
0.708696
0.834811
0.291845
0.529845
0.360271
0.311638
0.911781
0.154887
0.501931
0.189698
0.157363
0.101050
0.590867
0.800265
0.005521
0.619766
0.841723
0.506168
0.349199
0.592982
0.663402
0.730115
0.078817
0.665299
0.306230
0.172983
0.721880
0.190441
0.670511
0.362587
0.037965
0.333768
0.912243
0.256717
0.880371
0.375260
0.864410
0.369875
0.284722
0.303674
0.589105
0.726061
0.311387
0.200981
0.537600
0.575290
0.839730
0.920656
0.191475
0.586407
0.197593
0.734966
0.083787
0.623318
0.757258
0.781305
