0.193149
0.352287
0.453647
0.265537
0.878590
0.233549
0.523263
0.766277
0.927530
0.421012
0.974204
0.541493
0.509859
0.500151
0.343615
0.240715
0.086448
0.955100
0.673235
0.107878
0.553805
0.777544
0.073233
0.475540
0.646440
0.087704
0.065436
0.691309
0.546085
0.478149
0.628531
0.021887
0.095999
0.512439
0.684703
0.185961
0.543558
0.586055
0.568297
0.721997
0.660201
0.762454
0.763355
0.799404
0.981069
0.426733
0.647626
0.118055
0.308717
0.143491
0.932477
0.797680
0.292164
0.821297
0.516600
0.664350
0.351013
0.209439
0.390349
0.665417
0.792153
0.803055
0.250036
0.452375
0.849988
0.523829
0.613379
0.412613
0.800480
0.758390
0.901152
0.202241
0.836825
0.459178
0.216396
0.265017
0.883109
0.986722
0.984256
0.839730
0.094356
0.882405
0.977331
0.815035
0.825945
0.819842
0.396606
0.325065
0.272757
0.382134
0.414729
0.055963
0.018286
0.768855
0.850475
0.301216
0.510868
0.355027
0.552651
0.114066
