0.212989
0.234562
0.637898
0.740260
0.302361
0.764255
0.297312
0.379165
0.000306
0.445521
0.960577
0.783839
0.285822
0.415133
0.271241
0.833294
0.175913
0.436123
0.008987
0.791500
0.823161
0.996154
0.446887
0.413922
0.613615
0.721997
0.945139
0.017383
0.978225
0.295052
0.826870
0.678322
0.374123
0.690131
0.175431
0.632561
0.486786
0.024229
0.538515
0.666602
0.884424
0.957863
0.251819
0.933685
0.979610
0.006557
0.118821
0.509523
0.393861
0.995639
0.604168
0.257007
0.522697
0.495936
0.516037
0.247133
0.634222
0.522131
0.962166
0.359255
0.128728
0.168637
0.044898
0.410805
0.687536
0.839431
0.058808
0.030373
0.444052
0.372892
0.557389
0.695667
0.239818
0.553574
0.345679
0.605938
0.205510
0.290012
0.779758
0.326360
0.589457
0.839031
0.332453
0.445941
0.796924
0.205814
0.847938
0.559357
0.255486
0.044643
0.762003
0.678559
0.081062
0.284252
0.655219
0.454389
0.354569
0.585117
0.013496
0.884686
