0.306064
0.006296
0.251604
0.948465
0.101719
0.991263
0.988904
0.003980
0.105917
0.558083
0.166627
0.660319
0.285429
0.484592
0.513450
0.794759
0.258098
0.273670
0.138549
0.290649
0.916502
0.331840
0.557042
0.268979
0.905584
0.718971
0.645135
0.547465
0.203809
0.732427
0.602282
0.908119
0.796816
0.445941
0.898199
0.151400
0.715474
0.796491
0.847350
0.022308
0.425811
0.428684
0.004990
0.063983
0.172507
0.291446
0.031828
0.946220
0.818279
0.135808
0.914993
0.079299
0.216587
0.052576
0.012605
0.232270
0.391128
0.732543
0.933685
0.407103
0.153638
0.995688
0.370252
0.823678
0.288505
0.820466
0.644660
0.637780
0.337029
0.049377
0.848427
0.150080
0.094764
0.420706
0.571791
0.286451
0.072834
0.407901
0.935806
0.108728
0.814930
0.803697
0.237008
0.022018
0.567948
0.737846
0.767735
0.930232
0.804231
0.372514
0.465925
0.216460
0.402726
0.341202
0.767847
0.421215
0.856076
0.747819
0.012557
0.083337
