0.675128
0.556810
0.328180
0.735658
0.401636
0.408301
0.051441
0.150456
0.007736
0.991577
0.704595
0.832990
0.965465
0.367342
0.874179
0.687772
0.397491
0.328962
0.787569
0.003291
0.940381
0.406105
0.905903
0.051841
0.935674
0.830347
0.563068
0.327226
0.592747
0.097539
0.083900
0.699900
0.272757
0.935147
0.007334
0.023756
0.055340
0.709515
0.531210
0.861780
0.808597
0.939301
0.269581
0.905425
0.924490
0.510868
0.932814
0.603579
0.356402
0.834911
0.198303
0.878143
0.301788
0.898612
0.710919
0.803590
0.924275
0.923845
0.214057
0.958745
0.442376
0.302115
0.722113
0.393666
0.851058
0.642762
0.151779
0.388019
0.409502
0.412412
0.390738
0.279735
0.293365
0.346489
0.857319
0.393666
0.801769
0.981995
0.158688
0.048101
0.684467
0.015896
0.366874
0.629479
0.931461
0.048255
0.177799
0.071845
0.313820
0.513113
0.091845
0.788991
0.798219
0.231398
0.310300
0.548846
0.420910
0.835920
0.483060
0.269129
