0.164384
0.413419
0.535315
0.434879
0.506726
0.180687
0.777877
0.422948
0.444576
0.709281
0.049798
0.542754
0.618701
0.447098
0.668498
0.973493
0.238719
0.507173
0.171139
0.057771
0.487444
0.242516
0.201041
0.819634
0.607472
0.420910
0.305156
0.144853
0.142006
0.056042
0.809764
0.013429
0.540805
0.245236
0.793674
0.262056
0.874088
0.853479
0.161315
0.352378
0.519419
0.310551
0.304826
0.861497
0.734159
0.412613
0.513113
0.795084
0.670156
0.255992
0.177367
0.010837
0.052557
0.706002
0.453223
0.488873
0.754537
0.696608
0.234427
0.688952
0.805939
0.241268
0.579263
0.598158
0.646559
0.501597
0.740375
0.359347
0.865811
0.512439
0.152682
0.801769
0.385214
0.527799
0.773656
0.207835
0.327833
0.021651
0.755898
0.864971
0.219205
0.063104
0.408201
0.147193
0.300155
0.928783
0.264422
0.120834
0.442167
0.066482
0.382902
0.585234
0.422234
0.450155
0.783729
0.233009
0.997971
0.105986
0.074265
0.556232
