0.047357
0.523149
0.316182
0.718738
0.122283
0.082693
0.294569
0.912166
0.063300
0.809658
0.225630
0.995775
0.034834
0.950429
0.819634
0.866277
0.962313
0.504493
0.752832
0.249184
0.060153
0.574007
0.073283
0.665299
0.654982
0.559821
0.672288
0.641931
0.645135
0.254835
0.983878
0.871719
0.906856
0.713490
0.209748
0.502933
0.381942
0.318471
0.575407
0.107984
0.509299
0.873361
0.911163
0.557852
0.762567
0.133965
0.577977
0.488653
0.430847
0.213491
0.900826
0.930779
0.503824
0.544017
0.889361
0.029205
0.393763
0.338179
0.602282
0.517614
0.541608
0.217542
0.948465
0.863098
0.210866
0.561327
0.819218
0.372042
0.190556
0.287319
0.569461
0.296423
0.623200
0.464206
0.339777
0.639915
0.892005
0.626161
0.714074
0.269957
0.190613
0.948873
0.502487
0.977403
0.908276
0.175110
0.266581
0.742899
0.378878
0.510083
0.351559
0.134264
0.481748
0.428581
0.578094
0.589457
0.614088
0.339510
0.834911
0.858083
