0.830551
0.189869
0.962215
0.960928
0.404215
0.733928
0.629716
0.709398
0.811350
0.856841
0.372609
0.012074
0.847252
0.839331
0.951055
0.556579
0.182671
0.052798
0.730462
0.235919
0.424174
0.728958
0.135636
0.790519
0.826151
0.587110
0.350922
0.318047
0.002360
0.437474
0.643592
0.954285
0.540347
0.057530
0.924632
0.438410
0.893948
0.992703
0.089843
0.237145
0.381175
0.633391
0.501041
0.936852
0.843112
0.500596
0.550114
0.923126
0.714307
0.682223
0.264348
0.461956
0.041090
0.665891
0.900989
0.624621
0.110375
0.956281
0.488214
0.206731
0.455876
0.881876
0.149097
0.800803
0.660794
0.302771
0.482185
0.195946
0.757937
0.855788
0.841822
0.769527
0.770645
0.846859
0.216714
0.896292
0.070650
0.307555
0.234968
0.987159
0.434153
0.076758
0.053508
0.921969
0.928297
0.796816
0.953462
0.992650
0.712789
0.276192
0.747933
0.111569
0.428170
0.137281
0.225827
0.722810
0.424582
0.021538
0.951790
0.128934
