0.933752
0.025042
0.610188
0.736003
0.896459
0.360363
0.309883
0.935543
0.231465
0.042194
0.729421
0.219590
0.558662
0.470666
0.697078
0.363423
0.098773
0.154309
0.563880
0.432292
0.247345
0.096542
0.267104
0.620950
0.185512
0.067893
0.478476
0.498708
0.876977
0.312560
0.470774
0.929268
0.002722
0.247627
0.358702
0.090900
0.191647
0.084980
0.183336
0.370911
0.147100
0.787131
0.687772
0.140801
0.686592
0.333505
0.126602
0.479238
0.748162
0.075901
0.105155
0.696608
0.478802
0.051206
0.960928
0.991939
0.757031
0.661979
0.682459
0.376591
0.559241
0.307803
0.407003
0.977113
0.507844
0.901071
0.063476
0.462277
0.231130
0.613497
0.800373
0.672169
0.991421
0.335704
0.823781
0.635170
0.094293
0.464528
0.128153
0.065323
0.742670
0.478911
0.688126
0.530186
0.804872
0.682932
0.662691
0.826151
0.925060
0.274356
0.439452
0.573423
0.543558
0.338179
0.056653
0.112335
0.401537
0.660912
0.385407
0.170145
