0.923558
0.235240
0.898117
0.538172
0.005308
0.431259
0.983104
0.058910
0.420401
0.874360
0.823781
0.875446
0.462706
0.862063
0.789646
0.806152
0.656406
0.749417
0.131303
0.783288
0.702835
0.221783
0.780863
0.637068
0.544591
0.689070
0.812194
0.486346
0.590279
0.737961
0.007515
0.307057
0.033530
0.296342
0.865904
0.100717
0.834407
0.929268
0.394938
0.685530
0.160022
0.917401
0.269204
0.455451
0.983344
0.279890
0.913852
0.276192
0.724204
0.220427
0.692252
0.942135
0.313904
0.885471
0.280355
0.706236
0.127171
0.957445
0.905425
0.990677
0.534174
0.253467
0.623674
0.489974
0.448994
0.320773
0.708813
0.001582
0.647626
0.316774
0.171034
0.617400
0.647982
0.879749
0.492841
0.334911
0.559473
0.271695
0.660082
0.770980
0.579263
0.628294
0.684231
0.832888
0.071112
0.688126
0.855980
0.548846
0.913318
0.345589
0.696843
0.279194
0.000997
0.284095
0.412513
0.404413
0.955747
0.107104
0.760085
0.502821
