0.115970
0.195010
0.604994
0.422132
0.427759
0.760988
0.835214
0.415537
0.552766
0.567134
0.266208
0.258828
0.920802
0.618583
0.447414
0.617045
0.310300
0.032591
0.069426
0.870804
0.032651
0.206059
0.677731
0.390057
0.623081
0.507844
0.238102
0.234765
0.081364
0.492068
0.963574
0.549883
0.365659
0.535772
0.501041
0.633747
0.015585
0.201940
0.582305
0.642169
0.035100
0.021595
0.086245
0.998876
0.582305
0.837729
0.228931
0.648813
0.675010
0.616808
0.058115
0.772765
0.034859
0.066757
0.555885
0.312392
0.738421
0.711270
0.183114
0.378496
0.111278
0.247063
0.204294
0.767511
0.538515
0.571558
0.037018
0.362030
0.998634
0.116762
0.546545
0.131429
0.666247
0.963478
0.067823
0.207467
0.749873
0.501486
0.629479
0.845680
0.517952
0.976154
0.686828
0.467969
0.836624
0.602989
0.576692
0.303428
0.906618
0.900989
0.812194
0.392103
0.261687
0.634577
0.619056
0.183669
0.701896
0.566785
0.901396
0.639559
