0.320175
0.307886
0.542984
0.157657
0.045510
0.647982
0.216969
0.970236
0.712906
0.288346
0.791173
0.249042
0.774101
0.491076
0.475974
0.311889
0.328180
0.974554
0.909061
0.642525
0.375166
0.472071
0.603579
0.684940
0.408001
0.507956
0.109263
0.674300
0.069283
0.852512
0.815665
0.643948
0.545166
0.877247
0.408301
0.608417
0.589927
0.121929
0.903903
0.080000
0.651542
0.828100
0.448678
0.222432
0.346489
0.912705
0.282143
0.438410
0.213303
0.103646
0.383961
0.664587
0.325065
0.865811
0.142680
0.654270
0.626398
0.431982
0.649762
0.779316
0.119824
0.520661
0.014725
0.349924
0.443842
0.514236
0.453329
0.538172
0.493282
0.835214
0.875897
0.505721
0.731272
0.563184
0.977367
0.842120
0.790519
0.387244
0.480110
0.568646
0.911472
0.006859
0.075335
0.712789
0.459711
0.060258
0.945199
0.865997
0.287635
0.612906
0.832381
0.857797
0.357321
0.130052
0.929199
0.042315
0.834911
0.511317
0.440495
0.720019
