0.369217
0.594157
0.339777
0.971124
0.297231
0.812932
0.426016
0.785597
0.225105
0.199906
0.774546
0.179757
0.577860
0.004410
0.353381
0.402329
0.603697
0.070820
0.892683
0.392884
0.701779
0.576225
0.875717
0.948640
0.192859
0.637542
0.920289
0.534630
0.171664
0.118131
0.153255
0.903420
0.386760
0.527799
0.158983
0.495162
0.962947
0.576925
0.124067
0.967432
0.787241
0.239406
0.883899
0.976266
0.628413
0.406404
0.820154
0.342094
0.999736
0.847448
0.518742
0.965232
0.036093
0.373933
0.887639
0.779537
0.123908
0.851738
0.884861
0.815350
0.533831
0.530186
0.214246
0.875356
0.793892
0.450260
0.171192
0.832077
0.362401
0.659015
0.241960
0.845384
0.916351
0.570742
0.546660
0.926758
0.823575
0.185120
0.901640
0.604994
0.712088
0.397393
0.960978
0.534972
0.489754
0.572374
0.123510
0.486237
0.201760
0.626517
0.312140
0.311638
0.885035
0.699782
0.641694
0.928436
0.915522
0.120172
0.105328
0.883197
