0.562835
0.644660
0.695667
0.375545
0.262941
0.063410
0.287161
0.259632
0.555654
0.659726
0.253611
0.418370
0.846958
0.702131
0.442272
0.971790
0.110051
0.759633
0.438619
0.912089
0.858273
0.821297
0.219912
0.332715
0.972811
0.342630
0.649643
0.185064
0.245096
0.663876
0.985795
0.014697
0.087675
0.508404
0.315168
0.821193
0.339333
0.040071
0.091937
0.368560
0.799404
0.362309
0.796383
0.787679
0.465280
0.656287
0.957129
0.210679
0.495383
0.123908
0.706705
0.528480
0.835012
0.957811
0.107174
0.629479
0.716874
0.364726
0.034532
0.648694
0.176450
0.120561
0.540920
0.133412
0.694961
0.567715
0.854924
0.583242
0.812405
0.363330
0.392493
0.842517
0.783288
0.098415
0.316690
0.294408
0.686474
0.745876
0.982555
0.482185
0.343167
0.095269
0.335087
0.957759
0.107596
0.857797
0.085037
0.062820
0.309966
0.849306
0.241060
0.331403
0.014568
0.764143
0.519419
0.561907
0.944106
0.924989
0.495494
0.232471
