0.331228
0.155225
0.204719
0.840030
0.708930
0.607354
0.370628
0.351377
0.650355
0.435604
0.848916
0.733235
0.482076
0.056061
0.233549
0.377829
0.979303
0.457153
0.249255
0.012000
0.299015
0.335264
0.997388
0.808279
0.879215
0.133582
0.901396
0.166627
0.509635
0.673353
0.520209
0.561327
0.062646
0.164993
0.332978
0.393372
0.273061
0.079487
0.902127
0.528367
0.585117
0.710217
0.363423
0.076368
0.696137
0.309466
0.637305
0.053059
0.193497
0.748846
0.335087
0.447624
0.913547
0.859604
0.342719
0.489534
0.672998
0.415335
0.448678
0.672643
0.843112
0.086361
0.632799
0.530413
0.800480
0.119669
0.623555
0.959921
0.506503
0.883723
0.874632
0.307223
0.393568
0.639915
0.757371
0.862628
0.383479
0.408001
0.598040
0.409402
0.228135
0.165095
0.106964
0.533717
0.141693
0.702601
0.196710
0.779537
0.898365
0.899599
0.755331
0.691309
0.454814
0.674537
0.391810
0.450472
0.617518
0.911858
0.180742
0.137064
