0.486895
0.673590
0.116952
0.897455
0.029269
0.008823
0.176827
0.524282
0.915522
0.140401
0.907961
0.577159
0.677849
0.232471
0.068903
0.088708
0.137717
0.219719
0.700370
0.465387
0.795842
0.312727
0.139781
0.778763
0.212238
0.080898
0.490304
0.976154
0.654745
0.625806
0.383672
0.403023
0.379547
0.416446
0.143401
0.024600
0.511429
0.450472
0.412815
0.550690
0.382038
0.833294
0.804979
0.595804
0.318301
0.791935
0.328266
0.957968
0.815665
0.694136
0.382614
0.159675
0.164181
0.258755
0.003978
0.634577
0.758050
0.365659
0.953792
0.244676
0.631969
0.159527
0.006648
0.962411
0.617518
0.596275
0.895458
0.044850
0.632561
0.868871
0.002984
0.563300
0.721648
0.126561
0.693312
0.608063
0.969202
0.302525
0.997262
0.654864
0.648457
0.998022
0.398968
0.010099
0.129388
0.579380
0.525756
0.743243
0.935674
0.314578
0.616099
0.086390
0.988100
0.576108
0.634814
0.956759
0.275120
0.590044
0.403222
0.504605
