0.725017
0.170093
0.526436
0.811350
0.059322
0.308136
0.109692
0.457472
0.748504
0.013164
0.374028
0.641813
0.251176
0.888243
0.440391
0.107667
0.110267
0.513000
0.610070
0.766165
0.364540
0.473804
0.297069
0.071993
0.368936
0.305816
0.261099
0.370722
0.052743
0.214624
0.868502
0.816817
0.489644
0.717923
0.359809
0.907961
0.472504
0.509523
0.709515
0.574240
0.677495
0.027557
0.193323
0.946340
0.354752
0.844793
0.094418
0.441331
0.378115
0.858178
0.174256
0.062321
0.031206
0.889960
0.699077
0.667076
0.725945
0.278036
0.479129
0.476952
0.181622
0.241268
0.088530
0.643237
0.047055
0.405408
0.760988
0.818279
0.264645
0.470450
0.469694
0.137630
0.825122
0.294248
0.909295
0.152159
0.492399
0.888157
0.211488
0.902936
0.422540
0.853672
0.071063
0.174629
0.808916
0.369875
0.392786
0.637068
0.855212
0.004012
0.352287
0.668498
0.172507
0.716874
0.364354
0.792044
0.415739
0.854635
0.765604
0.719437
