0.400449
0.098219
0.305651
0.461849
0.233616
0.758163
0.638847
0.724785
0.814720
0.830958
0.870069
0.563764
0.588753
0.962460
0.205998
0.242307
0.941199
0.908904
0.624029
0.468831
0.623437
0.906776
0.071625
0.827485
0.754310
0.701544
0.992454
0.050560
0.513562
0.034569
0.599571
0.225105
0.161615
0.584765
0.063784
0.628768
0.418066
0.847644
0.137499
0.135034
0.125914
0.101217
0.765716
0.521452
0.239956
0.330966
0.051044
0.575757
0.645135
0.457153
0.308551
0.426631
0.186073
0.589223
0.255847
0.802305
0.159280
0.164587
0.794434
0.476300
0.624858
0.103203
0.797356
0.716408
0.115707
0.136024
0.548962
0.534972
0.481748
0.573423
0.660438
0.434879
0.208205
0.706705
0.514461
0.233144
0.451211
0.383191
0.579380
0.996142
0.205327
0.050954
0.296100
0.037597
0.071429
0.244187
0.825945
0.208143
0.732658
0.018845
0.386566
0.144762
0.005556
0.591924
0.521339
0.545166
0.844101
0.851058
0.812616
0.118629
