0.981742
0.925770
0.627346
0.853189
0.313147
0.737040
0.228268
0.180907
0.268003
0.447940
0.076238
0.237623
0.270033
0.255630
0.103919
0.837628
0.081419
0.431053
0.634814
0.545051
0.046063
0.375166
0.496379
0.825842
0.055185
0.970279
0.015980
0.853382
0.529390
0.371853
0.617163
0.152825
0.992860
0.907014
0.561327
0.247909
0.737961
0.241822
0.830245
0.167553
0.215066
0.403917
0.752264
0.888243
0.470774
0.737270
0.609598
0.749188
0.865345
0.140757
0.397786
0.547810
0.600749
0.445101
0.725481
0.556695
0.427246
0.372892
0.038949
0.691545
0.736695
0.989270
0.570975
0.674773
0.760198
0.618465
0.435086
0.012014
0.422744
0.924561
0.676075
0.484045
0.042254
0.067172
0.241060
0.102391
0.258244
0.894956
0.686946
0.161965
0.345050
0.074012
0.993645
0.034457
0.149471
0.410905
0.947997
0.778984
0.609125
0.554729
0.259193
0.213114
0.464528
0.106439
0.079460
0.876348
0.954340
0.219976
0.467538
0.027455
