0.120289
0.345769
0.176128
0.165604
0.557273
0.045900
0.487115
0.554152
0.805512
0.133624
0.713140
0.885732
0.274814
0.165197
0.658896
0.274432
0.668498
0.849891
0.670038
0.638728
0.298609
0.390933
0.836624
0.889960
0.141380
0.224189
0.710919
0.008102
0.099923
0.419081
0.471206
0.033299
0.975400
0.035497
0.174523
0.848525
0.167089
0.783178
0.791609
0.534288
0.968984
0.441644
0.427759
0.415537
0.823058
0.358057
0.270636
0.640389
0.687064
0.618228
0.117940
0.850086
0.310634
0.799081
0.026964
0.485908
0.583594
0.250962
0.517501
0.001695
0.117788
0.064449
0.289139
0.398476
0.028864
0.242863
0.364261
0.316944
0.489974
0.249681
0.011083
0.270863
0.137848
0.296746
0.192859
0.970236
0.905504
0.795951
0.493393
0.203024
0.382422
0.622016
0.783178
0.801447
0.768967
0.433636
0.733582
0.227870
0.444052
0.201700
0.656050
0.382230
0.962947
0.030574
0.398476
0.320004
0.060426
0.395625
0.874360
0.564229
