0.863942
0.333680
0.992199
0.575407
0.018320
0.906697
0.778098
0.084410
0.136760
0.813038
0.058562
0.107526
0.764817
0.448572
0.422438
0.345319
0.429096
0.276729
0.250677
0.798543
0.273746
0.090718
0.571558
0.896542
0.326187
0.267553
0.255196
0.524395
0.846565
0.894032
0.606882
0.778541
0.848036
0.174950
0.746334
0.653084
0.203205
0.713724
0.330093
0.632324
0.791609
0.696020
0.985357
0.786803
0.031677
0.605348
0.602989
0.945500
0.643830
0.174416
0.071821
0.114214
0.589575
0.873543
0.431362
0.090991
0.935015
0.190384
0.322227
0.867669
0.290728
0.760762
0.676785
0.855116
0.494166
0.484154
0.185288
0.460993
0.725249
0.117788
0.655575
0.007849
0.981295
0.044882
0.205083
0.510644
0.078870
0.751809
0.518403
0.744274
0.601457
0.461528
0.404314
0.830958
0.548616
0.691545
0.635052
0.273594
0.935543
0.382518
0.322914
0.001960
0.950657
0.594040
0.159131
0.367342
0.475540
0.828816
0.326620
0.987386
