0.955317
0.916502
0.962215
0.214435
0.358978
0.954938
0.360733
0.223407
0.552535
0.796491
0.208513
0.091478
0.508739
0.513225
0.093730
0.322828
0.011631
0.348927
0.294891
0.262056
0.140180
0.432498
0.788117
0.085323
0.199073
0.153303
0.071821
0.180852
0.157217
0.675128
0.480219
0.531210
0.400153
0.973333
0.062257
0.130301
0.796491
0.542754
0.094985
0.259852
0.637780
0.543672
0.290092
0.866649
0.857415
0.087998
0.593805
0.698842
0.827485
0.330878
0.613852
0.508068
0.024229
0.401834
0.624029
0.608181
0.032296
0.515249
0.911240
0.287556
0.507173
0.868132
0.224451
0.871902
0.392591
0.246148
0.753628
0.637780
0.133073
0.652847
0.893358
0.207405
0.997941
0.902856
0.681041
0.321885
0.525756
0.354020
0.339510
0.353655
0.970661
0.235375
0.078072
0.484702
0.276115
0.362680
0.882845
0.891835
0.669445
0.009032
0.029745
0.493835
0.621897
0.650474
0.216270
0.492068
0.580316
0.809975
0.065030
0.595686
