0.902289
0.995762
0.658659
0.681514
0.101150
0.282844
0.903179
0.654270
0.203870
0.709281
0.827280
0.949452
0.428890
0.268603
0.973493
0.784059
0.771761
0.007118
0.777766
0.233077
0.117217
0.115108
0.597805
0.004242
0.789319
0.797680
0.100452
0.393763
0.022753
0.567948
0.163372
0.894284
0.097023
0.541378
0.763918
0.636475
0.658185
0.216079
0.450472
0.082387
0.498819
0.926124
0.073987
0.973929
0.677968
0.285036
0.940570
0.017396
0.585586
0.226748
0.151306
0.834407
0.428890
0.673235
0.683759
0.087001
0.884686
0.228135
0.534402
0.890473
0.477605
0.980776
0.118438
0.797248
0.244816
0.994236
0.193555
0.448678
0.671222
0.509075
0.888501
0.534972
0.113548
0.449416
0.968059
0.959361
0.709398
0.839331
0.540805
0.536800
0.200921
0.834204
0.204537
0.889017
0.800910
0.233683
0.884161
0.042833
0.147748
0.982586
0.217797
0.453117
0.449838
0.341380
0.832584
0.263977
0.919036
0.739801
0.298690
0.475323
