0.936395
0.523942
0.198184
0.163524
0.744389
0.158639
0.411006
0.318642
0.633273
0.047576
0.453435
0.917027
0.984140
0.549192
0.424378
0.074493
0.461528
0.048118
0.657592
0.993804
0.288030
0.053809
0.438723
0.426938
0.624740
0.714658
0.486786
0.858844
0.399462
0.805299
0.058054
0.924347
0.567715
0.533831
0.844101
0.665654
0.922331
0.060805
0.011225
0.006506
0.357688
0.509635
0.439035
0.007273
0.803269
0.696373
0.288584
0.928853
0.352196
0.219912
0.776213
0.275808
0.581369
0.703070
0.666010
0.835718
0.968280
0.768855
0.171454
0.578562
0.428170
0.663639
0.815874
0.457685
0.453859
0.829429
0.009096
0.867298
0.685412
0.195069
0.524055
0.756805
0.140623
0.797680
0.532919
0.495604
0.954285
0.727916
0.022761
0.045737
0.496822
0.276422
0.354752
0.815665
0.565855
0.027730
0.391031
0.843211
0.535657
0.626872
0.828612
0.951112
0.493393
0.859319
0.332015
0.750898
0.714891
0.559010
0.484154
0.231800
