0.466355
0.088946
0.775769
0.342183
0.954230
0.994175
0.487444
0.407802
0.000991
0.051732
0.304991
0.610425
0.332015
0.698960
0.953462
0.055437
0.593452
0.332628
0.299178
0.650830
0.520887
0.306726
0.903420
0.447624
0.734851
0.047542
0.987857
0.914765
0.968897
0.921021
0.495494
0.149799
0.258317
0.365939
0.911704
0.380025
0.715474
0.804552
0.918146
0.010993
0.116271
0.645016
0.672998
0.660557
0.534059
0.568414
0.218116
0.879036
0.649525
0.955370
0.549422
0.185792
0.446677
0.009333
0.772430
0.259339
0.346669
0.268528
0.276729
0.189014
0.946220
0.136240
0.068432
0.538973
0.992755
0.083252
0.432395
0.574123
0.112445
0.428993
0.170459
0.511765
0.049064
0.494498
0.694019
0.927039
0.523829
0.589575
0.955046
0.805512
0.321628
0.166627
0.933552
0.453329
0.406105
0.398377
0.319834
0.271544
0.174629
0.584062
0.448361
0.746448
0.494056
0.410103
0.316520
0.338534
0.780421
0.433739
0.729884
0.598982
