0.080190
0.207344
0.243559
0.423050
0.718738
0.050936
0.142410
0.661268
0.549537
0.095206
0.961575
0.914233
0.298447
0.991939
0.205205
0.480110
0.652728
0.765154
0.144080
0.619056
0.433222
0.267104
0.288901
0.089125
0.716058
0.514686
0.083730
0.745304
0.024564
0.663283
0.930574
0.823058
0.318642
0.910542
0.915975
0.564577
0.151542
0.169989
0.312057
0.499374
0.672998
0.150409
0.021985
0.798003
0.756238
0.111242
0.501041
0.283157
0.396803
0.273365
0.068974
0.080761
0.520322
0.695902
0.311303
0.031195
0.606528
0.285900
0.502599
0.974125
0.188843
0.249681
0.469371
0.232337
0.147887
0.098741
0.288267
0.028526
0.029986
0.953957
0.662335
0.076031
0.318047
0.599100
0.899517
0.831365
0.800910
0.606056
0.897869
0.065549
0.743816
0.845877
0.288901
0.373176
0.665180
0.685294
0.631613
0.940696
0.585469
0.151732
0.985247
0.959667
0.107174
0.208451
0.612315
0.278345
0.077307
0.164536
0.303017
0.634340
