0.360456
0.277343
0.297960
0.882845
0.805086
0.802412
0.915900
0.677021
0.906935
0.395527
0.303756
0.351377
0.679741
0.164181
0.802412
0.670867
0.621187
0.818697
0.870528
0.944411
0.933685
0.143944
0.099956
0.919110
0.653203
0.353929
0.215826
0.079380
0.390057
0.124187
0.340578
0.144171
0.841723
0.948348
0.629005
0.857224
0.758842
0.522810
0.809446
0.106335
0.592159
0.685884
0.096286
0.081832
0.416851
0.853479
0.055127
0.573540
0.538858
0.769862
0.469478
0.061292
0.226616
0.228069
0.032167
0.300971
0.922476
0.200443
0.589692
0.221007
0.440182
0.602164
0.674773
0.948756
0.116573
0.237828
0.171717
0.619056
0.377352
0.806152
0.233144
0.250463
0.620950
0.740145
0.506391
0.197770
0.371853
0.632206
0.900090
0.719554
0.756805
0.750328
0.217989
0.690366
0.553459
0.748960
0.386856
0.840827
0.205936
0.710685
0.724320
0.196122
0.513562
0.164130
0.853961
0.198955
0.214498
0.462063
0.571441
0.136111
