0.442167
0.811983
0.775880
0.601457
0.706354
0.959565
0.020484
0.498264
0.036329
0.306478
0.446572
0.882229
0.975779
0.671222
0.053339
0.144125
0.428993
0.932679
0.995614
0.231063
0.977367
0.771538
0.742785
0.142275
0.433532
0.877605
0.926617
0.362958
0.120405
0.786912
0.020809
0.953902
0.459605
0.042710
0.704243
0.217861
0.480438
0.362030
0.914841
0.538172
0.524169
0.283626
0.751240
0.534972
0.699430
0.980414
0.557042
0.312895
0.460138
0.352743
0.941824
0.079703
0.256209
0.686356
0.976673
0.114140
0.359255
0.005747
0.615744
0.598629
0.432292
0.534858
0.938726
0.765379
0.729189
0.714191
0.553459
0.680687
0.353929
0.074265
0.772765
0.181622
0.714307
0.066094
0.357688
0.032414
0.446993
0.160717
0.068903
0.014934
0.667787
0.655338
0.932948
0.554383
0.483935
0.356494
0.128071
0.714424
0.716757
0.591806
0.060889
0.867206
0.087498
0.137674
0.951169
0.584648
0.668261
0.003946
0.904224
0.213742
