0.526890
0.659726
0.537486
0.611252
0.259486
0.210493
0.866649
0.286924
0.075876
0.667669
0.821712
0.233346
0.703774
0.562255
0.397294
0.039927
0.394644
0.442900
0.187087
0.872997
0.947349
0.498486
0.538172
0.353929
0.629598
0.939493
0.623792
0.530072
0.427451
0.114288
0.984799
0.553459
0.825534
0.061229
0.191187
0.992561
0.670985
0.800158
0.430228
0.618346
0.024582
0.696020
0.756351
0.554036
0.626754
0.977295
0.419588
0.348746
0.145904
0.147193
0.244956
0.195302
0.804552
0.424174
0.631139
0.850572
0.390155
0.908276
0.352196
0.943187
0.561675
0.018895
0.745190
0.431569
0.008205
0.807216
0.105605
0.776879
0.468723
0.562139
0.216016
0.490194
0.412211
0.911085
0.261908
0.644186
0.562371
0.797788
0.659964
0.660201
0.839431
0.395428
0.477822
0.706705
0.649762
0.950885
0.390641
0.618228
0.854057
0.626517
0.631732
0.179266
0.505609
0.171034
0.121772
0.876977
0.612197
0.832686
0.218244
0.066367
