0.663165
0.774324
0.181567
0.539889
0.932207
0.992345
0.569228
0.201400
0.415133
0.597923
0.802412
0.626280
0.339510
0.823471
0.675720
0.889960
0.599100
0.306395
0.873906
0.299178
0.480001
0.717573
0.853189
0.541722
0.439244
0.353381
0.842319
0.297150
0.542984
0.823161
0.687418
0.680805
0.781746
0.620240
0.013119
0.969506
0.640508
0.722927
0.733235
0.899517
0.197181
0.255052
0.869332
0.895959
0.784388
0.455451
0.014469
0.924275
0.839830
0.199133
0.387534
0.992125
0.896625
0.468185
0.220491
0.368842
0.655931
0.331577
0.282221
0.297150
0.157853
0.768632
0.254980
0.322485
0.975400
0.469155
0.449838
0.389183
0.778763
0.510980
0.296746
0.444052
0.913318
0.727800
0.039856
0.738191
0.566785
0.419791
0.059820
0.632206
0.349289
0.684822
0.647626
0.752832
0.991901
0.280976
0.900826
0.938019
0.691781
0.531780
0.347933
0.381079
0.865904
0.423050
0.789210
0.225236
0.471639
0.152254
0.088146
0.374976
