0.121302
0.724901
0.714424
0.164739
0.345769
0.327833
0.237623
0.829735
0.307886
0.266805
0.278191
0.537371
0.455876
0.662572
0.310634
0.144534
0.335175
0.242933
0.776990
0.035742
0.279658
0.227012
0.062235
0.974748
0.723159
0.988388
0.348475
0.657592
0.674300
0.885906
0.132649
0.809869
0.879749
0.167398
0.816084
0.841424
0.886167
0.997334
0.220105
0.117864
0.063366
0.062063
0.845581
0.193555
0.243838
0.608299
0.902208
0.000299
0.432498
0.704830
0.764817
0.083168
0.298690
0.133115
0.310217
0.060868
0.160369
0.339599
0.128605
0.745876
0.596628
0.781084
0.418269
0.588518
0.109513
0.139914
0.434775
0.487225
0.255630
0.999554
0.725597
0.316605
0.770980
0.362123
0.200861
0.360456
0.984140
0.274585
0.689305
0.107667
0.557505
0.146731
0.678204
0.809128
0.699195
0.024184
0.961921
0.905903
0.204658
0.998667
0.785597
0.620240
0.025757
0.288742
0.395527
0.533147
0.786693
0.623674
0.949221
0.586876
