0.830245
0.584883
0.349380
0.997934
0.501819
0.206548
0.374407
0.760988
0.841126
0.760537
0.745991
0.714307
0.901071
0.632443
0.044866
0.678559
0.340311
0.793783
0.790083
0.325151
0.792914
0.106929
0.416851
0.249681
0.038907
0.086448
0.008886
0.778541
0.454495
0.430331
0.609952
0.142455
0.638135
0.889960
0.018355
0.760198
0.131975
0.406504
0.156973
0.145767
0.180304
0.730809
0.957392
0.403619
0.065934
0.403917
0.413922
0.744274
0.562719
0.684940
0.244886
0.062106
0.961525
0.635526
0.172930
0.428170
0.833800
0.139032
0.623318
0.415436
0.447835
0.132607
0.555654
0.466140
0.289694
0.921021
0.741064
0.108338
0.922910
0.779095
0.014849
0.598747
0.500596
0.914689
0.554960
0.921095
0.179102
0.930232
0.798866
0.784168
0.669564
0.810610
0.366593
0.013424
0.963813
0.072512
0.078497
0.962362
0.353838
0.363051
0.368279
0.581252
0.553690
0.779537
0.360363
0.117255
0.415234
0.332803
0.853865
0.993976
