0.977977
0.736119
0.498930
0.347752
0.195536
0.865718
0.261172
0.569810
0.965790
0.292804
0.110123
0.137064
0.703187
0.230329
0.910620
0.409702
0.597687
0.141872
0.327139
0.674300
0.292404
0.192628
0.430950
0.523829
0.194602
0.091356
0.009550
0.409702
0.815035
0.751809
0.212488
0.159477
0.822333
0.455026
0.441749
0.783288
0.550690
0.633747
0.510980
0.746219
0.212613
0.826870
0.415032
0.953902
0.533147
0.976340
0.751581
0.931665
0.258536
0.027719
0.754764
0.533717
0.029637
0.376115
0.084922
0.203205
0.457579
0.441017
0.295132
0.286924
0.678559
0.235375
0.948873
0.259120
0.343077
0.329484
0.479892
0.669801
0.941011
0.630902
0.022391
0.229330
0.136934
0.552651
0.460780
0.234494
0.333768
0.978786
0.139120
0.006601
0.935608
0.954721
0.525529
0.328962
0.887898
0.589927
0.149237
0.631257
0.650593
0.030473
0.085898
0.169624
0.394449
0.095554
0.357045
0.596628
0.347030
0.716991
0.482731
0.359070
