0.073962
0.798111
0.082248
0.290330
0.549883
0.672524
0.915749
0.310467
0.550229
0.131178
0.918072
0.751012
0.911858
0.873179
0.055089
0.400943
0.504047
0.895541
0.397393
0.622489
0.541264
0.702131
0.847938
0.266059
0.900172
0.498153
0.594393
0.463348
0.799189
0.668379
0.800695
0.994415
0.159774
0.447835
0.970279
0.994370
0.201220
0.055944
0.699077
0.954449
0.175967
0.650474
0.656761
0.618583
0.000724
0.546085
0.227408
0.019737
0.226156
0.544936
0.720252
0.741523
0.483826
0.802090
0.448678
0.163625
0.834911
0.170720
0.180687
0.716058
0.598511
0.912628
0.996861
0.020036
0.982586
0.139076
0.756011
0.057953
0.671340
0.889703
0.255196
0.176450
0.164536
0.638728
0.135895
0.808597
0.901803
0.241199
0.266581
0.873725
0.564461
0.846368
0.996709
0.295777
0.690484
0.376305
0.626872
0.424276
0.384925
0.936003
0.171507
0.091082
0.091082
0.441540
0.520096
0.398968
0.005786
0.413419
0.301134
0.644898
