0.251676
0.902289
0.611961
0.429507
0.416345
0.939620
0.123153
0.718971
0.753287
0.053320
0.349561
0.215699
0.423765
0.632324
0.779095
0.648576
0.642169
0.813459
0.708813
0.680687
0.624977
0.350831
0.234901
0.348294
0.671932
0.035768
0.638017
0.202241
0.657236
0.923054
0.408501
0.442063
0.276729
0.246359
0.017681
0.953185
0.928922
0.664943
0.707876
0.536686
0.749188
0.395919
0.470234
0.456408
0.036145
0.378496
0.800373
0.721764
0.880548
0.803162
0.135077
0.599100
0.667905
0.206181
0.789428
0.932948
0.677968
0.555307
0.046276
0.814825
0.726177
0.414326
0.473804
0.702718
0.323687
0.748846
0.005000
0.437890
0.068056
0.646203
0.007311
0.853189
0.003352
0.551728
0.148119
0.222107
0.453859
0.676785
0.440600
0.816607
0.098317
0.238719
0.793783
0.246078
0.086768
0.782407
0.480765
0.394938
0.742670
0.883109
0.599689
0.202783
0.372042
0.793892
0.660675
0.110519
0.855980
0.195419
0.630783
0.521679
