0.812932
0.087469
0.279426
0.294328
0.048033
0.423458
0.091722
0.334207
0.000808
0.670393
0.085927
0.944289
0.176827
0.741523
0.046722
0.891665
0.432912
0.042285
0.256064
0.324892
0.281831
0.094042
0.768296
0.797680
0.749531
0.585586
0.622963
0.234224
0.706705
0.692016
0.915975
0.441958
0.030473
0.153877
0.327572
0.012884
0.327052
0.238856
0.102189
0.043032
0.004845
0.122087
0.824607
0.857224
0.780311
0.770756
0.601221
0.827690
0.923917
0.858654
0.865531
0.229596
0.649525
0.395527
0.265165
0.954775
0.562835
0.977149
0.818175
0.361845
0.081446
0.178287
0.075361
0.550805
0.953296
0.985302
0.277420
0.710568
0.728958
0.373365
0.206303
0.246500
0.307637
0.036751
0.241614
0.173672
0.990718
0.349833
0.648932
0.575057
0.942260
0.161515
0.709749
0.533261
0.807748
0.374217
0.855404
0.925912
0.506391
0.257880
0.736119
0.517276
0.374312
0.661505
0.750784
0.281598
0.491186
0.225040
0.232203
0.540576
