0.988974
0.915749
0.034935
0.196768
0.365472
0.357045
0.375735
0.194777
0.334647
0.943862
0.463027
0.927179
0.607708
0.795951
0.292884
0.380312
0.484921
0.134563
0.430847
0.954775
0.474563
0.637305
0.519871
0.322485
0.840927
0.951902
0.819634
0.386760
0.534858
0.379260
0.026412
0.408501
0.064762
0.099527
0.443004
0.802948
0.466893
0.967026
0.707993
0.790083
0.191878
0.100651
0.353838
0.076031
0.527571
0.859034
0.898365
0.361289
0.922476
0.492068
0.940570
0.348565
0.538058
0.201160
0.076654
0.166269
0.488543
0.950998
0.114623
0.698137
0.919701
0.826356
0.471314
0.362958
0.734159
0.694961
0.242585
0.440391
0.459284
0.374407
0.392200
0.849013
0.949798
0.545510
0.478802
0.876618
0.815769
0.629835
0.860078
0.929268
0.400054
0.928506
0.105743
0.616927
0.329310
0.207037
0.903662
0.780863
0.471206
0.243280
0.055944
0.815979
0.312895
0.725249
0.069164
0.935279
0.130135
0.988578
0.654508
0.784388
