0.142995
0.946875
0.061442
0.515924
0.789100
0.284017
0.282688
0.759520
0.865065
0.613142
0.637898
0.124347
0.493282
0.457153
0.234697
0.258828
0.690720
0.510195
0.730925
0.304167
0.962704
0.548156
0.724669
0.834407
0.638728
0.897123
0.602871
0.388406
0.087557
0.373555
0.814405
0.042179
0.312979
0.764143
0.762228
0.369217
0.448572
0.827075
0.302607
0.101384
0.444786
0.943249
0.796275
0.602753
0.062603
0.390738
0.587697
0.571441
0.279194
0.093730
0.892429
0.133115
0.874088
0.769191
0.149705
0.778320
0.692723
0.765491
0.880548
0.009527
0.299015
0.777877
0.210555
0.257880
0.925628
0.844497
0.022274
0.286294
0.328701
0.180742
0.803269
0.533603
0.968147
0.915674
0.924132
0.729537
0.769079
0.761326
0.714191
0.105778
0.417965
0.572374
0.515474
0.647864
0.363702
0.712906
0.179702
0.969419
0.380217
0.564461
0.224909
0.671340
0.423050
0.797032
0.949855
0.160866
0.594040
0.173247
0.299503
0.293124
