0.670511
0.051513
0.300399
0.991995
0.917699
0.109334
0.629953
0.202542
0.352560
0.724785
0.599925
0.594393
0.639559
0.066185
0.278653
0.279968
0.110952
0.456833
0.705181
0.334735
0.992614
0.345050
0.024996
0.114548
0.610779
0.363888
0.415436
0.300889
0.210866
0.006552
0.149658
0.559705
0.900744
0.663402
0.297312
0.578678
0.208636
0.976563
0.763805
0.497931
0.205023
0.089483
0.532691
0.175056
0.926265
0.165095
0.784278
0.164130
0.282299
0.438619
0.956600
0.245587
0.003835
0.040114
0.039456
0.484373
0.222561
0.736810
0.268904
0.554614
0.461207
0.241891
0.110844
0.701427
0.077386
0.742899
0.054838
0.016060
0.288188
0.661149
0.231130
0.757597
0.392884
0.044962
0.883899
0.235172
0.147933
0.118514
0.884686
0.779648
0.445311
0.723391
0.294328
0.029226
0.163978
0.355576
0.039641
0.792805
0.969115
0.991920
0.218244
0.454708
0.042695
0.908669
0.968545
0.027536
0.742785
0.011062
0.467215
0.017615
