0.485469
0.559241
0.416547
0.491737
0.747134
0.999136
0.716058
0.698607
0.313399
0.631494
0.312811
0.528821
0.339155
0.932612
0.012346
0.154791
0.377733
0.067916
0.714191
0.266134
0.909608
0.795842
0.906380
0.330966
0.648220
0.627346
0.560284
0.960678
0.487335
0.874088
0.759746
0.962166
0.079353
0.802733
0.424787
0.278345
0.480110
0.919184
0.440182
0.138461
0.421317
0.850086
0.773099
0.583008
0.515024
0.879927
0.026835
0.829429
0.233077
0.460780
0.426426
0.383576
0.013746
0.550459
0.616099
0.767175
0.488763
0.845778
0.611606
0.649169
0.860363
0.413519
0.272833
0.146870
0.485908
0.788226
0.619766
0.403122
0.479783
0.682932
0.936395
0.157804
0.929613
0.811772
0.730347
0.292964
0.229197
0.781856
0.811983
0.576341
0.787131
0.350831
0.147147
0.256354
0.565506
0.652847
0.896459
0.361381
0.327399
0.298122
0.415537
0.135292
0.667195
0.453117
0.908826
0.067683
0.852512
0.052097
0.434671
0.735658
