0.768520
0.514461
0.843706
0.090506
0.565739
0.510307
0.838230
0.492951
0.405508
0.767623
0.872450
0.763242
0.079353
0.570160
0.223928
0.344870
0.794868
0.248829
0.412815
0.336498
0.751012
0.747248
0.467000
0.445521
0.152492
0.488873
0.980907
0.400054
0.985550
0.172138
0.037354
0.856650
0.609243
0.474997
0.820674
0.418979
0.909061
0.083928
0.157412
0.563996
0.358886
0.667550
0.548846
0.646796
0.372703
0.690720
0.509971
0.425299
0.437786
0.359994
0.845384
0.803376
0.977977
0.669327
0.925912
0.737961
0.846859
0.470990
0.782518
0.602871
0.666839
0.783729
0.375545
0.573540
0.056297
0.345230
0.628768
0.238856
0.457898
0.659252
0.670156
0.931189
0.011273
0.261908
0.329832
0.661268
0.932544
0.182063
0.160468
0.754764
0.564925
0.361659
0.687418
0.029452
0.670630
0.910698
0.810399
0.488543
0.060132
0.925841
0.486127
0.931529
0.642287
0.544591
0.916502
0.936657
0.498042
0.297231
0.805939
0.035561
