0.888415
0.520322
0.421317
0.548962
0.785377
0.956121
0.522244
0.854443
0.699430
0.292084
0.229463
0.404911
0.647033
0.020134
0.756691
0.730809
0.123034
0.762228
0.873270
0.885645
0.758955
0.759633
0.930163
0.652847
0.288742
0.043901
0.530300
0.595334
0.498930
0.331665
0.374502
0.118055
0.399067
0.961377
0.941699
0.628413
0.355210
0.057430
0.820154
0.682696
0.022643
0.247345
0.762792
0.684349
0.750328
0.947349
0.349289
0.421826
0.133965
0.951112
0.187200
0.481748
0.637661
0.152349
0.609598
0.439348
0.274661
0.155032
0.747134
0.022358
0.021952
0.440078
0.215129
0.839431
0.988788
0.354935
0.142995
0.519080
0.305156
0.639915
0.216270
0.614679
0.393666
0.163625
0.709866
0.964432
0.071380
0.798866
0.778873
0.710685
0.967071
0.225499
0.411207
0.233886
0.886080
0.749531
0.114474
0.697666
0.048787
0.851447
0.588518
0.971208
0.621897
0.399462
0.006104
0.903098
0.032378
0.952797
0.562719
0.350831
