0.783398
0.648576
0.920509
0.992363
0.663758
0.962166
0.908904
0.906935
0.146409
0.139914
0.362030
0.541378
0.081557
0.371665
0.840229
0.240163
0.473696
0.212488
0.135852
0.400054
0.000723
0.805726
0.675483
0.892513
0.227474
0.593687
0.596039
0.374786
0.314662
0.293605
0.787131
0.415436
0.038089
0.931936
0.985330
0.967702
0.269807
0.651186
0.060363
0.261025
0.689895
0.356402
0.553459
0.319748
0.480656
0.821504
0.298934
0.157755
0.184840
0.918666
0.560748
0.752264
0.744389
0.246078
0.670038
0.902856
0.425196
0.627583
0.739341
0.069616
0.216270
0.540805
0.822954
0.639915
0.109943
0.051532
0.100319
0.926124
0.933150
0.625687
0.812827
0.562487
0.668616
0.943678
0.695196
0.987335
0.369593
0.075876
0.332803
0.757371
0.515812
0.208081
0.407702
0.427657
0.139252
0.500707
0.361752
0.864784
0.126886
0.141202
0.539545
0.839431
0.547695
0.503490
0.451423
0.432705
0.672524
0.826767
0.014337
0.531552
