0.973533
0.446572
0.227606
0.602989
0.414527
0.230796
0.342094
0.022787
0.196474
0.692252
0.294891
0.829735
0.658303
0.843013
0.776213
0.315337
0.457472
0.316690
0.362309
0.523036
0.900418
0.683523
0.535886
0.336587
0.136500
0.589223
0.181897
0.602046
0.337736
0.616099
0.107526
0.757711
0.338091
0.977798
0.106509
0.653915
0.955693
0.737270
0.070024
0.531552
0.567250
0.932207
0.202963
0.503490
0.367155
0.745876
0.044754
0.075464
0.493282
0.144990
0.851738
0.952183
0.042619
0.214687
0.565506
0.137325
0.005363
0.780753
0.894368
0.838130
0.965975
0.146593
0.864878
0.053489
0.097830
0.476300
0.946697
0.614798
0.887726
0.313315
0.750442
0.359163
0.883109
0.971707
0.453541
0.550459
0.163322
0.616927
0.709983
0.341380
0.822954
0.589105
0.168120
0.540920
0.734620
0.944350
0.099560
0.441331
0.717573
0.520887
0.319834
0.736810
0.799727
0.794434
0.750556
0.678322
0.225302
0.513000
0.190499
0.046244
