0.114660
0.080217
0.710217
0.291127
0.388406
0.144035
0.654152
0.880814
0.628887
0.890899
0.754082
0.265091
0.945199
0.316944
0.890644
0.205753
0.721648
0.556463
0.920289
0.242030
0.796816
0.196064
0.362680
0.722229
0.042194
0.064293
0.003874
0.994488
0.133242
0.215636
0.207405
0.987511
0.298122
0.285350
0.487774
0.593569
0.885471
0.663639
0.416547
0.008295
0.701192
0.749074
0.769750
0.688244
0.386083
0.272453
0.880992
0.892429
0.172930
0.038530
0.461635
0.089214
0.869609
0.134435
0.360456
0.581252
0.988293
0.154357
0.105743
0.023818
0.198836
0.785487
0.931800
0.360271
0.096127
0.859509
0.325755
0.196181
0.350377
0.522357
0.982369
0.585000
0.965697
0.339688
0.955586
0.123788
0.376401
0.889703
0.225630
0.526323
0.802948
0.822023
0.695784
0.569461
0.766502
0.359070
0.548271
0.094011
0.959870
0.540691
0.335352
0.945078
0.106579
0.560284
0.854924
0.757031
0.181567
0.705181
0.022391
0.050810
