0.109549
0.258390
0.171349
0.253683
0.235307
0.728726
0.809552
0.074544
0.999260
0.365192
0.266507
0.189185
0.546315
0.572490
0.912166
0.549077
0.714891
0.620358
0.098643
0.907646
0.874360
0.226353
0.704595
0.160817
0.998628
0.406803
0.059924
0.377638
0.916727
0.998164
0.651423
0.293205
0.256137
0.925202
0.131681
0.447940
0.139032
0.834103
0.147100
0.860741
0.306064
0.709983
0.520322
0.170354
0.760875
0.889361
0.741753
0.584531
0.107385
0.250320
0.662809
0.468508
0.645016
0.029866
0.589457
0.404911
0.087851
0.265463
0.985956
0.628294
0.343794
0.520209
0.356861
0.134606
0.039841
0.042925
0.812932
0.349833
0.881346
0.625213
0.684585
0.228135
0.429096
0.958487
0.737385
0.746334
0.426221
0.127335
0.352743
0.748504
0.446782
0.730115
0.064963
0.299097
0.143311
0.209253
0.740145
0.950657
0.193091
0.861497
0.802733
0.055983
0.792805
0.983434
0.322914
0.266656
0.869332
0.851931
0.863848
0.858368
