0.332277
0.140003
0.907804
0.197889
0.824194
0.730115
0.208759
0.920875
0.400054
0.050542
0.505944
0.562603
0.397983
0.782407
0.041238
0.136197
0.007174
0.270108
0.288980
0.924704
0.950771
0.998617
0.450894
0.054742
0.845581
0.808704
0.461742
0.000058
0.738536
0.092059
0.486346
0.286688
0.533603
0.285586
0.650711
0.163221
0.774546
0.755558
0.155322
0.303592
0.806471
0.856171
0.575407
0.355851
0.512327
0.384346
0.541149
0.068220
0.521000
0.949683
0.077623
0.089394
0.781415
0.816712
0.170615
0.025642
0.185904
0.649525
0.695314
0.375735
0.382326
0.554960
0.707174
0.434982
0.911472
0.074063
0.325151
0.402627
0.282610
0.274661
0.589692
0.574824
0.036158
0.677968
0.243489
0.344063
0.426323
0.773433
0.577276
0.908512
0.096095
0.882405
0.524735
0.142096
0.415537
0.136111
0.994817
0.834508
0.914993
0.250392
0.192628
0.878947
0.393470
0.332715
0.837929
0.066208
0.447414
0.551958
0.662335
0.427554
