0.548156
0.474129
0.051242
0.502487
0.055963
0.726873
0.496490
0.819426
0.357045
0.053583
0.394057
0.924060
0.344063
0.879927
0.314662
0.759633
0.143853
0.637068
0.812511
0.325065
0.956281
0.196651
0.867206
0.222756
0.142096
0.661979
0.625806
0.522810
0.711387
0.803697
0.277574
0.507732
0.987881
0.595804
0.140623
0.122994
0.213303
0.848720
0.938469
0.233414
0.310133
0.209934
0.367435
0.144716
0.050151
0.187030
0.761665
0.305734
0.719786
0.902856
0.084381
0.333154
0.787898
0.756011
0.328875
0.383864
0.986618
0.867020
0.404314
0.736579
0.468939
0.033239
0.226550
0.840927
0.226682
0.122244
0.779205
0.626161
0.478476
0.682932
0.699782
0.181291
0.848720
0.754877
0.123510
0.033750
0.441749
0.005636
0.849696
0.491847
0.045493
0.922765
0.334120
0.164181
0.709164
0.518742
0.054781
0.717923
0.845384
0.759520
0.244816
0.618938
0.398377
0.686356
0.168741
0.485579
0.838330
0.514911
0.834811
0.190728
