0.652491
0.559241
0.988765
0.723391
0.430434
0.795193
0.345769
0.334032
0.727336
0.332365
0.251461
0.228003
0.768743
0.935213
0.737385
0.321713
0.087118
0.496158
0.993945
0.493835
0.878322
0.299829
0.749188
0.844990
0.475865
0.497376
0.776657
0.832686
0.360548
0.898694
0.594981
0.257880
0.283547
0.845680
0.472396
0.513899
0.850767
0.299910
0.530869
0.597216
0.781966
0.735773
0.651186
0.562023
0.817548
0.159082
0.282844
0.667669
0.780974
0.216460
0.556579
0.039727
0.426221
0.076057
0.161765
0.481202
0.970619
0.246711
0.889017
0.933284
0.264274
0.370816
0.008131
0.194194
0.127049
0.256499
0.707759
0.117255
0.333768
0.543672
0.934485
0.137020
0.868132
0.723275
0.277805
0.062106
0.207283
0.105535
0.613497
0.963766
0.765267
0.250890
0.796383
0.623200
0.563764
0.531894
0.696373
0.586172
0.447098
0.595922
0.730578
0.658896
0.317113
0.407402
0.537028
0.459925
0.637424
0.045300
0.927530
0.807854
