0.034108
0.159477
0.725829
0.035845
0.532007
0.811033
0.034998
0.237213
0.849696
0.829429
0.864691
0.902451
0.340756
0.892852
0.645847
0.993564
0.132734
0.636949
0.972690
0.574007
0.039456
0.831060
0.162165
0.719903
0.776213
0.384153
0.120444
0.075927
0.327659
0.715008
0.825842
0.792153
0.929337
0.519532
0.549768
0.338978
0.038364
0.053152
0.231130
0.002797
0.255992
0.121694
0.584648
0.276115
0.401240
0.906935
0.731387
0.461528
0.533033
0.195419
0.767735
0.796708
0.848525
0.894368
0.259998
0.209315
0.865811
0.978611
0.113400
0.153303
0.689659
0.334823
0.809658
0.818384
0.434360
0.022274
0.822747
0.883109
0.541952
0.110123
0.860930
0.160220
0.547465
0.344421
0.121929
0.043511
0.754537
0.825122
0.893190
0.387534
0.730809
0.847938
0.764705
0.418370
0.978890
0.331840
0.165604
0.830245
0.607472
0.666958
0.374691
0.451529
0.880282
0.846761
0.307969
0.662809
0.846859
0.547005
0.862628
0.884249
