0.734735
0.574357
0.487664
0.284565
0.082137
0.904866
0.410504
0.100784
0.956388
0.482185
0.705650
0.171875
0.828509
0.488104
0.140890
0.526096
0.362030
0.374691
0.524735
0.204658
0.390057
0.400844
0.633629
0.007992
0.602635
0.397098
0.850864
0.666602
0.481857
0.353746
0.298772
0.063872
0.080543
0.207712
0.876077
0.554498
0.435190
0.327659
0.481092
0.424685
0.145355
0.382614
0.219719
0.260732
0.725017
0.317283
0.665061
0.295696
0.510980
0.505051
0.008272
0.909920
0.539431
0.937372
0.238033
0.443423
0.602282
0.570393
0.061762
0.268078
0.117141
0.433946
0.943433
0.328701
0.159378
0.108126
0.600514
0.505051
0.447624
0.979847
0.340845
0.152111
0.934285
0.546085
0.213617
0.194777
0.205205
0.962215
0.231599
0.792371
0.213680
0.673116
0.018039
0.186017
0.964621
0.856459
0.364820
0.145035
0.488543
0.531552
0.084865
0.314746
0.460459
0.196240
0.931733
0.205327
0.189185
0.471531
0.506391
0.446887
