0.636356
0.967207
0.871262
0.282299
0.062538
0.454814
0.744503
0.392103
0.769862
0.939174
0.124827
0.894284
0.518178
0.142006
0.813143
0.857892
0.847448
0.620477
0.299259
0.595216
0.906697
0.467538
0.988100
0.086072
0.226419
0.695902
0.885558
0.209686
0.550690
0.061826
0.372892
0.922404
0.898117
0.683168
0.756238
0.753628
0.873270
0.435190
0.715358
0.277574
0.328788
0.041893
0.931665
0.494609
0.632324
0.969028
0.403023
0.457046
0.998905
0.639440
0.984685
0.540461
0.875897
0.139516
0.154357
0.126886
0.514124
0.407502
0.362216
0.266357
0.737731
0.168223
0.112481
0.860268
0.080761
0.264348
0.822747
0.240715
0.715124
0.953019
0.581252
0.460780
0.221589
0.112481
0.123868
0.660557
0.447835
0.666010
0.492841
0.376686
0.371948
0.901884
0.203749
0.785048
0.407802
0.962313
0.739341
0.009185
0.854057
0.207221
0.414527
0.294971
0.833395
0.745304
0.928714
0.849891
0.683995
0.503044
0.914081
0.463563
