0.219333
0.493945
0.278731
0.868964
0.230329
0.302033
0.674655
0.423152
0.032663
0.091722
0.488104
0.084381
0.713724
0.048995
0.081309
0.101250
0.597569
0.982678
0.597805
0.856363
0.814300
0.322656
0.873725
0.763580
0.535201
0.614561
0.894452
0.099265
0.171822
0.577977
0.479674
0.863098
0.996791
0.321371
0.641576
0.668024
0.827178
0.661979
0.873725
0.079406
0.734620
0.357688
0.872085
0.459498
0.084013
0.832280
0.427349
0.064049
0.413822
0.587580
0.167192
0.816398
0.140490
0.179647
0.664587
0.986250
0.934285
0.962166
0.928645
0.161465
0.387825
0.657710
0.919332
0.809764
0.824813
0.189698
0.430331
0.259632
0.393861
0.510195
0.489644
0.438410
0.629598
0.004994
0.613734
0.855500
0.349199
0.986540
0.968765
0.779316
0.794542
0.902208
0.396017
0.077307
0.037951
0.258974
0.309466
0.008519
0.336057
0.267030
0.704478
0.334647
0.722113
0.582891
0.968941
0.766165
0.719437
0.504270
0.208328
0.994311
