0.311219
0.959870
0.400449
0.164232
0.567832
0.885035
0.319067
0.634222
0.490194
0.522923
0.647864
0.599807
0.413016
0.499152
0.329571
0.361011
0.817130
0.348113
0.406205
0.386760
0.363051
0.307969
0.133285
0.419995
0.736810
0.011079
0.553574
0.334735
0.309883
0.578795
0.455239
0.939365
0.538858
0.185512
0.783178
0.509523
0.277574
0.907093
0.588518
0.931121
0.827895
0.818175
0.765267
0.587932
0.174469
0.647152
0.891580
0.816293
0.029002
0.649050
0.710334
0.334559
0.115145
0.421928
0.449733
0.380887
0.577393
0.700017
0.808385
0.593334
0.396705
0.896957
0.609243
0.130634
0.216651
0.852125
0.357413
0.390738
0.005097
0.930300
0.531438
0.394546
0.018438
0.658541
0.993450
0.289933
0.990821
0.803697
0.155515
0.316690
0.430125
0.147470
0.747591
0.746677
0.309383
0.959463
0.875626
0.511765
0.178070
0.884686
0.318386
0.489093
0.182948
0.822954
0.784718
0.783398
0.223863
0.935740
0.269280
0.927670
