0.034021
0.835617
0.624147
0.824504
0.604876
0.767960
0.548962
0.641931
0.794542
0.480765
0.276345
0.716174
0.863192
0.905345
0.739571
0.690131
0.430125
0.528821
0.462813
0.666602
0.655813
0.557273
0.127009
0.897289
0.733004
0.922259
0.919258
0.523376
0.712088
0.376781
0.229729
0.766838
0.366406
0.930506
0.171454
0.013953
0.712088
0.884249
0.136327
0.886167
0.947526
0.606528
0.252248
0.355027
0.325928
0.918814
0.689895
0.395232
0.429301
0.268303
0.797680
0.360456
0.139208
0.597334
0.626398
0.241475
0.941324
0.590749
0.355576
0.707525
0.401636
0.580316
0.768072
0.323945
0.589692
0.099068
0.733120
0.833395
0.102831
0.538630
0.896542
0.423458
0.785816
0.203386
0.365379
0.570160
0.263977
0.758050
0.466355
0.993741
0.718389
0.390933
0.360363
0.233886
0.477496
0.791282
0.151164
0.905425
0.863004
0.315084
0.197475
0.434568
0.180852
0.999078
0.729884
0.121459
0.150127
0.376115
0.059612
0.481966
