0.056573
0.979474
0.852706
0.245236
0.322485
0.687772
0.917848
0.369405
0.781636
0.904064
0.509971
0.817653
0.027811
0.825534
0.013990
0.433429
0.004025
0.667076
0.728379
0.005984
0.765491
0.656761
0.369311
0.311470
0.020195
0.676903
0.887034
0.150598
0.116838
0.504828
0.869425
0.187426
0.829633
0.137325
0.626280
0.848427
0.351013
0.522357
0.186917
0.680805
0.111970
0.743129
0.219398
0.524508
0.462706
0.651067
0.299666
0.659608
0.028172
0.488763
0.893358
0.207835
0.376971
0.716991
0.943249
0.420706
0.270184
0.614561
0.778320
0.087498
0.144899
0.101384
0.638254
0.001445
0.537829
0.388892
0.419081
0.225433
0.437786
0.892344
0.496490
0.441331
0.793457
0.481311
0.291605
0.601339
0.552997
0.729652
0.610897
0.754650
0.074798
0.964763
0.634696
0.248617
0.235443
0.716058
0.256499
0.551958
0.232539
0.890131
0.884511
0.406305
0.405807
0.107596
0.559357
0.546545
0.681750
0.783288
0.765716
0.735197
