0.598747
0.817235
0.695078
0.550459
0.419690
0.257443
0.389863
0.390349
0.920802
0.826356
0.363516
0.407202
0.946638
0.437994
0.018251
0.174310
0.745762
0.605112
0.101920
0.053791
0.451952
0.850767
0.405807
0.727220
0.694254
0.308385
0.293205
0.368091
0.028453
0.956388
0.229929
0.903098
0.558894
0.142141
0.776990
0.359717
0.772207
0.631020
0.375925
0.542640
0.359901
0.102763
0.177151
0.252606
0.758276
0.135852
0.612197
0.014233
0.197711
0.329658
0.172033
0.919110
0.391713
0.201101
0.971913
0.466355
0.063983
0.451317
0.656880
0.822333
0.428581
0.255702
0.418370
0.040461
0.234765
0.140357
0.211988
0.509523
0.939620
0.112189
0.019363
0.247345
0.783509
0.121146
0.453329
0.296988
0.064627
0.675483
0.728611
0.511317
0.045721
0.657829
0.612079
0.736925
0.514911
0.817548
0.225893
0.626280
0.222432
0.233683
0.850475
0.239199
0.113363
0.813459
0.769974
0.975324
0.217797
0.366500
0.247345
0.763918
