0.251533
0.433843
0.252965
0.829429
0.770980
0.082972
0.252248
0.831467
0.228599
0.779758
0.871994
0.376115
0.029076
0.601457
0.449627
0.979712
0.062625
0.726293
0.561907
0.561791
0.884599
0.693783
0.496933
0.607590
0.726641
0.302525
0.354020
0.763242
0.441017
0.321628
0.816921
0.962166
0.207221
0.775436
0.721066
0.480656
0.274814
0.849208
0.565274
0.448467
0.974204
0.853768
0.375260
0.442586
0.572141
0.430744
0.349924
0.866184
0.357596
0.558083
0.406006
0.614916
0.076888
0.691545
0.723972
0.924347
0.726757
0.264942
0.087528
0.401339
0.051098
0.061506
0.418269
0.152492
0.142590
0.105397
0.431982
0.317198
0.753173
0.971333
0.286688
0.475865
0.868594
0.551382
0.514349
0.737385
0.826767
0.941324
0.908433
0.105847
0.434982
0.354203
0.454708
0.522018
0.366219
0.490965
0.815769
0.807216
0.761665
0.168430
0.723159
0.241960
0.809764
0.672051
0.909139
0.052502
0.175056
0.322056
0.070990
0.967477
