0.196651
0.209748
0.527117
0.940696
0.074392
0.040389
0.576575
0.270033
0.772430
0.204112
0.931665
0.105432
0.691663
0.031933
0.007095
0.381846
0.522470
0.962411
0.623081
0.474129
0.859129
0.015003
0.903098
0.130968
0.420910
0.963766
0.944593
0.772876
0.933015
0.329832
0.718622
0.145401
0.177853
0.232203
0.075515
0.636238
0.921605
0.212989
0.104398
0.904945
0.213805
0.517389
0.642169
0.658541
0.866277
0.179921
0.084268
0.258828
0.260732
0.991499
0.258390
0.359624
0.788882
0.449838
0.380025
0.495604
0.906380
0.169260
0.193207
0.709164
0.473371
0.593099
0.110988
0.351468
0.382902
0.759181
0.382422
0.284095
0.300971
0.627346
0.290728
0.058726
0.492399
0.454283
0.889960
0.021282
0.568763
0.130760
0.644304
0.850183
0.063016
0.593569
0.109907
0.374786
0.995079
0.426631
0.197770
0.115108
0.649050
0.498708
0.072561
0.175645
0.281753
0.110375
0.385310
0.246992
0.824091
0.826356
0.372514
0.549883
