0.607118
0.078311
0.651423
0.005670
0.843607
0.801125
0.477931
0.727568
0.302525
0.507509
0.349924
0.868964
0.391225
0.584297
0.688598
0.146455
0.395625
0.980447
0.508404
0.323000
0.215319
0.312727
0.157119
0.070578
0.521792
0.368936
0.106021
0.819426
0.440495
0.521113
0.239406
0.035049
0.152873
0.011334
0.480547
0.013616
0.479456
0.188389
0.114214
0.315928
0.515699
0.250036
0.442586
0.673708
0.046309
0.635170
0.005661
0.638966
0.839531
0.308967
0.505498
0.206548
0.131094
0.233954
0.184338
0.248475
0.113142
0.442272
0.983494
0.039414
0.995799
0.684940
0.411106
0.509411
0.112995
0.901478
0.903662
0.562835
0.005329
0.926899
0.980744
0.050204
0.006037
0.349108
0.571208
0.203145
0.608181
0.778320
0.605230
0.346850
0.337648
0.766726
0.245026
0.015279
0.254259
0.903259
0.175752
0.826459
0.536914
0.292244
0.551612
0.971208
0.735658
0.514012
0.144762
0.719437
0.996811
0.423969
0.827280
0.120095
