0.973889
0.196064
0.230062
0.000045
0.634814
0.880016
0.887639
0.503267
0.657473
0.206181
0.974282
0.431156
0.087733
0.821608
0.644898
0.406504
0.153303
0.481202
0.518178
0.659134
0.905105
0.541034
0.019167
0.054131
0.355485
0.925486
0.106126
0.330442
0.073258
0.664943
0.684703
0.363981
0.595216
0.405906
0.949452
0.458858
0.902532
0.073509
0.983789
0.754877
0.181567
0.491517
0.790301
0.925912
0.688008
0.593569
0.692488
0.079730
0.056732
0.241060
0.907014
0.885210
0.735312
0.535657
0.621897
0.003613
0.999449
0.417661
0.786912
0.495162
0.081557
0.575407
0.918295
0.474129
0.405408
0.270485
0.745419
0.319834
0.675365
0.754991
0.525529
0.361752
0.976930
0.864971
0.943310
0.953185
0.106894
0.985550
0.695314
0.955854
0.874360
0.309633
0.865158
0.292324
0.503378
0.789756
0.919701
0.757258
0.188332
0.364726
0.130885
0.582774
0.360456
0.653915
0.841026
0.665417
0.348204
0.761665
0.281598
0.172613
