0.313988
0.595098
0.117712
0.765941
0.560632
0.894116
0.925131
0.059384
0.664469
0.365099
0.700487
0.875265
0.342362
0.613734
0.414225
0.483169
0.475540
0.299097
0.595334
0.720717
0.598865
0.985135
0.465817
0.611488
0.451000
0.337382
0.381079
0.783949
0.164130
0.265910
0.018760
0.075412
0.379356
0.907646
0.386373
0.513000
0.253899
0.427862
0.797464
0.200921
0.060300
0.716874
0.864971
0.633747
0.850670
0.622726
0.362123
0.975628
0.428068
0.701427
0.791500
0.600985
0.182394
0.023686
0.217797
0.110231
0.718040
0.751240
0.491737
0.171297
0.814930
0.839630
0.728379
0.901721
0.802198
0.842120
0.242168
0.285979
0.803590
0.004004
0.656643
0.464743
0.483060
0.969463
0.498597
0.319919
0.896209
0.191762
0.609007
0.294810
0.664113
0.902046
0.913471
0.873725
0.861497
0.174203
0.324203
0.410705
0.855020
0.551151
0.645609
0.842715
0.218820
0.656643
0.544247
0.395134
0.445416
0.463992
0.977547
0.744732
