0.069069
0.298447
0.562603
0.231867
0.452799
0.774101
0.670156
0.553228
0.643118
0.556116
0.934882
0.182560
0.679623
0.572957
0.691427
0.250677
0.733928
0.646559
0.420706
0.490084
0.162868
0.974593
0.517050
0.652254
0.997941
0.257516
0.794759
0.597805
0.676667
0.771315
0.541837
0.165553
0.024609
0.046227
0.080953
0.752605
0.270561
0.730693
0.163120
0.832178
0.764255
0.300971
0.245867
0.631376
0.146824
0.885906
0.718622
0.817339
0.556348
0.005942
0.456621
0.142186
0.132946
0.936265
0.467861
0.801232
0.257953
0.122126
0.737616
0.755331
0.471423
0.852222
0.075028
0.742785
0.797895
0.271392
0.388309
0.753173
0.598747
0.668024
0.596392
0.465172
0.697196
0.487335
0.784168
0.022002
0.212926
0.261761
0.138461
0.311303
0.001308
0.973810
0.702601
0.183892
0.141336
0.510532
0.018148
0.101050
0.919184
0.791173
0.863848
0.215003
0.888673
0.749531
0.386180
0.562951
0.825842
0.292004
0.176504
0.273898
