0.004039
0.052262
0.953351
0.123232
0.595334
0.417256
0.745876
0.824400
0.255124
0.307637
0.008201
0.325151
0.709047
0.886167
0.341202
0.321457
0.050792
0.464850
0.124027
0.410003
0.972487
0.482185
0.571558
0.712555
0.127212
0.623081
0.499596
0.241752
0.249397
0.214435
0.213868
0.602282
0.362309
0.903742
0.001657
0.024355
0.152111
0.224189
0.086855
0.832787
0.819634
0.399363
0.090809
0.373176
0.778431
0.515699
0.279735
0.090839
0.286766
0.191762
0.113437
0.840728
0.098480
0.213805
0.661624
0.386373
0.068432
0.244187
0.703657
0.963140
0.909530
0.348475
0.924918
0.375925
0.461207
0.244536
0.547235
0.511429
0.103034
0.413620
0.297960
0.712555
0.394253
0.114511
0.135378
0.891580
0.691899
0.060720
0.172191
0.796599
0.148212
0.034519
0.881169
0.122875
0.587110
0.899188
0.812194
0.691309
0.459818
0.416750
0.584531
0.032249
0.852706
0.281598
0.487115
0.853672
0.175324
0.560980
0.946101
0.292724
