0.831264
0.987857
0.470666
0.845581
0.477496
0.979610
0.756465
0.047039
0.838731
0.851447
0.584062
0.566669
0.899763
0.376686
0.643474
0.014624
0.668853
0.422846
0.602635
0.297231
0.478040
0.222886
0.662454
0.770645
0.442481
0.135421
0.942941
0.041983
0.461956
0.048891
0.006054
0.488214
0.315506
0.986954
0.019819
0.924704
0.103102
0.521452
0.596981
0.785926
0.950771
0.488543
0.967746
0.205875
0.457153
0.079595
0.252391
0.522018
0.741179
0.822437
0.904305
0.149050
0.258463
0.077281
0.638017
0.741638
0.010245
0.751353
0.165044
0.906697
0.714307
0.009535
0.452269
0.968413
0.439974
0.817130
0.584414
0.178504
0.097636
0.669564
0.152682
0.227276
0.688362
0.485030
0.987561
0.884511
0.048426
0.995787
0.142725
0.782738
0.891240
0.373838
0.166474
0.808067
0.302853
0.959361
0.025881
0.671340
0.986852
0.296180
0.362401
0.760649
0.865811
0.651186
0.374407
0.707408
0.879215
0.626754
0.273670
0.676430
