0.627346
0.918295
0.914917
0.656643
0.329745
0.484264
0.276345
0.921459
0.407602
0.564461
0.823678
0.724088
0.483278
0.927809
0.492841
0.947997
0.572374
0.424787
0.664232
0.287477
0.660794
0.744503
0.814510
0.054992
0.755331
0.664824
0.572840
0.888845
0.812300
0.261246
0.789865
0.616099
0.090718
0.906062
0.310551
0.157657
0.461956
0.395428
0.379260
0.420910
0.159626
0.452693
0.097216
0.427144
0.705768
0.953517
0.906618
0.479565
0.692959
0.738536
0.592159
0.860930
0.645016
0.799512
0.399856
0.339510
0.062278
0.684703
0.268453
0.301952
0.331927
0.702953
0.552997
0.497155
0.789100
0.254475
0.169260
0.226287
0.085180
0.098937
0.142500
0.960928
0.003804
0.792371
0.492620
0.307472
0.080407
0.026354
0.107702
0.476735
0.204355
0.030900
0.246500
0.761439
0.217606
0.537028
0.388116
0.632917
0.089185
0.419081
0.821608
0.238787
0.382710
0.069664
0.050900
0.867762
0.234224
0.596275
0.222237
0.045510
