0.948989
0.401240
0.673827
0.487554
0.133030
0.106509
0.848427
0.958590
0.867762
0.648220
0.155757
0.510195
0.945621
0.510420
0.769639
0.550920
0.777655
0.902694
0.653321
0.698960
0.211364
0.529958
0.821919
0.740490
0.219462
0.274356
0.845384
0.939301
0.336410
0.621305
0.023484
0.878679
0.743816
0.062755
0.616690
0.999275
0.312644
0.630428
0.968765
0.571558
0.519532
0.282844
0.444786
0.606056
0.196945
0.694490
0.443423
0.611842
0.840628
0.964951
0.944836
0.364540
0.427451
0.384057
0.532919
0.445521
0.349833
0.423663
0.172402
0.499041
0.648576
0.163978
0.470774
0.586876
0.106056
0.284173
0.394938
0.792371
0.113806
0.577042
0.650949
0.600985
0.938212
0.030162
0.007992
0.863848
0.107596
0.419995
0.834811
0.476300
0.067986
0.739686
0.431775
0.474563
0.253252
0.173300
0.376686
0.571908
0.744274
0.540920
0.322485
0.249894
0.309633
0.105709
0.669564
0.292644
0.950885
0.018272
0.041594
0.004664
