0.600396
0.211488
0.747248
0.302689
0.178178
0.389669
0.386180
0.583242
0.782077
0.981199
0.193381
0.174629
0.170354
0.168586
0.794542
0.422744
0.689895
0.860930
0.161865
0.341469
0.644898
0.195888
0.850475
0.368466
0.617281
0.038392
0.960326
0.667076
0.544017
0.633154
0.964195
0.990469
0.583594
0.748162
0.543443
0.972852
0.377733
0.002544
0.809764
0.499596
0.926406
0.838330
0.942693
0.486676
0.289694
0.482731
0.977763
0.249397
0.119708
0.954285
0.665417
0.581369
0.018134
0.260805
0.322656
0.539202
0.033506
0.361659
0.326360
0.377067
0.139120
0.336940
0.713840
0.301216
0.079946
0.009982
0.661268
0.913088
0.093046
0.396606
0.994604
0.455132
0.053003
0.778763
0.948698
0.052465
0.137456
0.451740
0.988436
0.679623
0.363702
0.043682
0.322399
0.725945
0.658541
0.649525
0.012801
0.361659
0.899435
0.104192
0.975133
0.283001
0.592159
0.947231
0.139914
0.405707
0.522810
0.755898
0.179429
0.103953
