0.506838
0.733582
0.893190
0.288426
0.818905
0.372137
0.881434
0.771984
0.842219
0.572607
0.274661
0.063674
0.650474
0.793566
0.102290
0.205753
0.994069
0.422336
0.215509
0.110051
0.855596
0.773211
0.267553
0.397885
0.618346
0.896125
0.925344
0.174576
0.388892
0.426631
0.018508
0.476626
0.592041
0.324031
0.984714
0.962801
0.707642
0.297474
0.194544
0.077386
0.249397
0.321286
0.753401
0.142500
0.329310
0.503936
0.754537
0.197770
0.328962
0.887553
0.551728
0.680687
0.024058
0.535886
0.996730
0.562603
0.835416
0.276345
0.097668
0.351468
0.505721
0.559936
0.675957
0.040316
0.120211
0.352378
0.335704
0.437162
0.705416
0.444367
0.156048
0.978048
0.597334
0.934882
0.772542
0.936003
0.502710
0.628531
0.955155
0.252105
0.016712
0.120717
0.470450
0.307306
0.199787
0.214814
0.069784
0.943984
0.520322
0.399363
0.857224
0.811667
0.264719
0.466677
0.880460
0.716524
0.264794
0.738651
0.245657
0.794000
