0.780753
0.582891
0.577860
0.556001
0.686120
0.869056
0.440391
0.364913
0.394253
0.534288
0.257953
0.701192
0.639796
0.302361
0.145813
0.667195
0.425196
0.929406
0.112885
0.443633
0.864410
0.196240
0.381750
0.321542
0.641338
0.607826
0.671577
0.595804
0.137064
0.975892
0.056772
0.223146
0.094733
0.214183
0.040100
0.726177
0.971748
0.769750
0.449733
0.512214
0.451211
0.280976
0.208081
0.414931
0.724669
0.439452
0.657948
0.467323
0.823678
0.541149
0.837929
0.223146
0.570859
0.189071
0.864784
0.006424
0.928436
0.644304
0.600043
0.974671
0.260732
0.641101
0.137630
0.890814
0.885558
0.937242
0.230462
0.673590
0.856650
0.205571
0.464958
0.060405
0.339510
0.090567
0.454708
0.515699
0.269957
0.842319
0.265240
0.178613
0.917251
0.463134
0.104295
0.866927
0.559473
0.196357
0.842418
0.967925
0.482950
0.698960
0.600749
0.453117
0.448678
0.253971
0.296261
0.118093
0.944957
0.715941
0.003296
0.009078
