0.613142
0.563300
0.036054
0.470666
0.122441
0.761890
0.913165
0.223081
0.951169
0.243350
0.488653
0.690249
0.828816
0.000288
0.444052
0.662216
0.003068
0.641813
0.705416
0.670748
0.551151
0.185400
0.569228
0.627820
0.467215
0.890899
0.276652
0.141470
0.306312
0.835416
0.709749
0.710568
0.705885
0.081364
0.923989
0.837227
0.788991
0.271619
0.675247
0.572607
0.266432
0.628531
0.616927
0.018073
0.830958
0.708228
0.622489
0.313063
0.573890
0.953074
0.644067
0.846270
0.019465
0.262720
0.452164
0.592394
0.021944
0.831772
0.497266
0.874813
0.002464
0.542410
0.563300
0.538630
0.698254
0.986382
0.531438
0.170250
0.358149
0.460993
0.118553
0.616335
0.147147
0.358333
0.275043
0.965836
0.630902
0.513450
0.586876
0.165197
0.266283
0.642406
0.381654
0.711504
0.172560
0.250178
0.911935
0.284095
0.240163
0.261246
0.168482
0.764030
0.780974
0.863567
0.638610
0.846270
0.353929
0.524848
0.217733
0.395723
