0.287477
0.908747
0.155322
0.672051
0.776546
0.565158
0.810716
0.176612
0.504605
0.814090
0.109263
0.689541
0.299747
0.954066
0.304250
0.193091
0.991144
0.628294
0.227937
0.565971
0.820570
0.601339
0.601810
0.219141
0.267030
0.574824
0.947644
0.342719
0.496933
0.044930
0.848427
0.072264
0.280666
0.646559
0.197122
0.753855
0.837829
0.647033
0.884599
0.142141
0.921459
0.143582
0.572607
0.875717
0.251533
0.817653
0.495826
0.571908
0.754082
0.672406
0.502265
0.293044
0.969549
0.142770
0.251247
0.768072
0.827280
0.655575
0.060153
0.440600
0.199906
0.355027
0.391615
0.660201
0.062106
0.620240
0.456195
0.976117
0.631257
0.107420
0.839431
0.488543
0.631376
0.847056
0.619648
0.938854
0.466677
0.761778
0.774213
0.739226
0.318047
0.390738
0.071307
0.489424
0.240784
0.850086
0.800910
0.656524
0.926969
0.095111
0.821297
0.170825
0.671340
0.457685
0.572840
0.320516
0.422642
0.909373
0.511541
0.455557
