0.817862
0.860268
0.923774
0.336852
0.233818
0.308136
0.527458
0.188729
0.935147
0.142006
0.847938
0.573890
0.395134
0.332365
0.034009
0.337029
0.270561
0.551728
0.546660
0.650593
0.622845
0.997280
0.006536
0.519306
0.966021
0.541264
0.935477
0.004743
0.427349
0.999503
0.020942
0.408401
0.359717
0.204840
0.027173
0.704361
0.722229
0.906856
0.283547
0.414830
0.669919
0.671459
0.157510
0.415840
0.659134
0.672880
0.794651
0.786145
0.759407
0.513450
0.768184
0.379356
0.810504
0.679268
0.478802
0.142096
0.839930
0.065730
0.067776
0.222237
0.097184
0.542869
0.056990
0.515699
0.487884
0.746334
0.587462
0.386276
0.319152
0.866370
0.576225
0.318386
0.254331
0.561791
0.672051
0.092244
0.290171
0.073409
0.966113
0.955155
0.180578
0.742670
0.474238
0.183558
0.402230
0.182173
0.728842
0.354478
0.519871
0.251533
0.099659
0.246008
0.009539
0.075644
0.063961
0.068150
0.253971
0.615034
0.606292
0.611252
