0.966205
0.677376
0.491076
0.049447
0.114847
0.161715
0.836423
0.572957
0.911781
0.261393
0.673827
0.346669
0.167965
0.100618
0.183669
0.922548
0.703657
0.165095
0.278422
0.690602
0.707057
0.538401
0.974554
0.076394
0.648576
0.392981
0.374217
0.158295
0.659489
0.261761
0.752832
0.645135
0.586876
0.358794
0.254835
0.267553
0.183280
0.691545
0.451952
0.732427
0.996278
0.228665
0.136543
0.392591
0.240094
0.211863
0.247133
0.409101
0.453753
0.126602
0.576458
0.036421
0.384057
0.138724
0.870069
0.453647
0.043870
0.171402
0.850670
0.005336
0.810716
0.677140
0.545395
0.559589
0.495051
0.485688
0.495162
0.417357
0.051513
0.315168
0.275579
0.940948
0.717573
0.421215
0.741179
0.076523
0.027233
0.671696
0.858844
0.010454
0.466355
0.278499
0.733466
0.778209
0.946994
0.183003
0.729652
0.564925
0.241406
0.400943
0.059716
0.974671
0.337559
0.127784
0.542525
0.956068
0.049570
0.011981
0.088738
0.911704
