0.136717
0.437162
0.987586
0.355760
0.145950
0.246289
0.803590
0.247768
0.596275
0.444157
0.450683
0.092121
0.948406
0.006990
0.211052
0.641694
0.375166
0.219783
0.123510
0.528139
0.119399
0.815245
0.447729
0.187482
0.821919
0.852319
0.403222
0.525189
0.064650
0.941512
0.785706
0.276268
0.077676
0.676785
0.372798
0.146042
0.388406
0.035833
0.274890
0.341558
0.396115
0.965836
0.140535
0.689187
0.149846
0.010658
0.232270
0.640033
0.916877
0.436643
0.530641
0.161115
0.054877
0.507509
0.593217
0.689187
0.663876
0.655931
0.040738
0.750328
0.599454
0.694843
0.280976
0.199370
0.068903
0.189242
0.677258
0.811456
0.015279
0.840728
0.344870
0.800158
0.742785
0.187539
0.273746
0.280355
0.863942
0.887898
0.127416
0.505274
0.175806
0.834811
0.161465
0.507509
0.718855
0.680332
0.854539
0.910076
0.609125
0.685884
0.118093
0.398870
0.063586
0.999538
0.935674
0.661742
0.216460
0.974979
0.582305
0.967297
