0.741064
0.562719
0.780532
0.475214
0.827383
0.665061
0.547465
0.081722
0.754196
0.895290
0.979372
0.305486
0.580784
0.780974
0.439557
0.966526
0.596628
0.240991
0.738536
0.802626
0.688008
0.670630
0.490084
0.780532
0.439140
0.370628
0.475974
0.091937
0.308634
0.302689
0.241614
0.920875
0.434153
0.899106
0.924775
0.186129
0.369123
0.867577
0.090084
0.402726
0.198421
0.652016
0.399955
0.525756
0.168430
0.523149
0.098155
0.641101
0.640152
0.207099
0.767063
0.328266
0.000761
0.222367
0.048169
0.207958
0.447308
0.483497
0.117445
0.180962
0.870895
0.462491
0.828918
0.637424
0.438410
0.731156
0.628531
0.472613
0.932139
0.650711
0.552766
0.104329
0.430022
0.398673
0.214309
0.243908
0.464421
0.748960
0.758616
0.507397
0.576809
0.288663
0.260145
0.131597
0.614088
0.975628
0.162115
0.149893
0.240025
0.746219
0.984227
0.723856
0.027465
0.943740
0.186467
0.653796
0.289933
0.116649
0.158049
0.271695
