0.002523
0.811667
0.860552
0.346489
0.626161
0.620240
0.219398
0.325324
0.314409
0.219205
0.158639
0.380408
0.954176
0.111970
0.917774
0.532463
0.317622
0.677021
0.088501
0.726525
0.413117
0.808173
0.353199
0.129182
0.777544
0.845187
0.294087
0.265537
0.384153
0.691192
0.297312
0.679623
0.526663
0.853093
0.019414
0.061762
0.182008
0.713840
0.462384
0.608417
0.939874
0.779427
0.758163
0.406704
0.092029
0.708345
0.624029
0.058562
0.759068
0.006943
0.268378
0.936787
0.601103
0.472937
0.825637
0.804872
0.062885
0.721764
0.578445
0.550575
0.277343
0.547580
0.804872
0.505274
0.264942
0.513225
0.604994
0.945440
0.730231
0.782518
0.601457
0.514574
0.681750
0.595569
0.083872
0.504047
0.515361
0.369029
0.350741
0.870895
0.224059
0.412815
0.095396
0.850280
0.297069
0.709983
0.684349
0.107420
0.099626
0.801447
0.979542
0.520435
0.704712
0.726061
0.875536
0.904064
0.252606
0.468939
0.568414
0.521113
