0.245236
0.998414
0.960878
0.558083
0.438306
0.648576
0.154454
0.071355
0.037842
0.877336
0.556926
0.854057
0.608889
0.399462
0.292804
0.325410
0.533945
0.883723
0.271695
0.154357
0.513337
0.325237
0.911008
0.586172
0.522923
0.900989
0.644423
0.719321
0.092336
0.696726
0.791718
0.068596
0.415840
0.087910
0.239199
0.990044
0.363423
0.942135
0.613970
0.060049
0.400647
0.054551
0.081860
0.253971
0.904064
0.632206
0.378019
0.855212
0.652016
0.640508
0.108657
0.589223
0.473046
0.078152
0.518742
0.246148
0.423765
0.404712
0.365099
0.494609
0.737961
0.089693
0.371570
0.601810
0.912320
0.734851
0.791064
0.232337
0.612079
0.313736
0.646321
0.821193
0.576925
0.778541
0.168120
0.754877
0.839431
0.403718
0.313399
0.189641
0.152968
0.841921
0.049412
0.542754
0.305651
0.590749
0.064605
0.686710
0.367342
0.630665
0.267928
0.045445
0.091539
0.011644
0.865251
0.711387
0.389669
0.330529
0.226616
0.671932
