0.957182
0.345409
0.112445
0.615625
0.865065
0.257589
0.168534
0.251176
0.990385
0.147655
0.967207
0.429507
0.422642
0.350015
0.894620
0.304332
0.805299
0.964668
0.761665
0.048203
0.150739
0.320346
0.374596
0.499263
0.493172
0.147887
0.088382
0.027587
0.401042
0.405309
0.902208
0.877695
0.529731
0.996709
0.747933
0.694372
0.126968
0.157755
0.175645
0.041669
0.980215
0.866556
0.552305
0.262056
0.362401
0.202602
0.104398
0.036041
0.388116
0.435604
0.080871
0.312476
0.785706
0.163271
0.115933
0.825225
0.378974
0.699900
0.310551
0.881434
0.593569
0.443947
0.070048
0.221136
0.868502
0.291286
0.191993
0.096991
0.282376
0.861874
0.412312
0.943187
0.828714
0.611133
0.283626
0.904144
0.345409
0.828407
0.530983
0.062625
0.041371
0.300726
0.422234
0.986748
0.981134
0.537600
0.470774
0.266432
0.789865
0.171980
0.485798
0.487884
0.925060
0.913547
0.986488
0.894452
0.829123
0.446782
0.266880
0.994130
