0.823678
0.349652
0.173512
0.039770
0.583125
0.828816
0.146870
0.669445
0.375735
0.706002
0.987184
0.067311
0.923486
0.605584
0.980015
0.245587
0.127498
0.856076
0.948348
0.009878
0.874813
0.769415
0.373744
0.564461
0.325065
0.161615
0.077940
0.999157
0.407302
0.783729
0.289615
0.597099
0.099199
0.120912
0.343883
0.259559
0.087851
0.113179
0.064271
0.330617
0.425708
0.341915
0.137761
0.391031
0.807960
0.306643
0.993083
0.483497
0.221330
0.909998
0.931733
0.745076
0.779427
0.618465
0.954612
0.366780
0.071993
0.727684
0.038475
0.923198
0.081474
0.259925
0.955155
0.944654
0.346669
0.407003
0.726641
0.255269
0.758163
0.723972
0.214814
0.095649
0.495826
0.929199
0.704009
0.482841
0.692370
0.849696
0.675720
0.252320
0.980480
0.212488
0.745076
0.277267
0.548041
0.984082
0.539774
0.233481
0.858939
0.278576
0.664824
0.395428
0.945500
0.601103
0.692370
0.725713
0.460993
0.379834
0.262867
0.387534
