0.441853
0.453435
0.921605
0.915522
0.882493
0.985330
0.421826
0.017890
0.642643
0.425094
0.062278
0.395134
0.413318
0.531096
0.322742
0.017383
0.701544
0.673827
0.198007
0.169260
0.901152
0.274738
0.610779
0.336763
0.965232
0.186748
0.588049
0.948873
0.167553
0.946935
0.159033
0.903420
0.076915
0.578211
0.484592
0.429301
0.719321
0.538630
0.649762
0.685058
0.059570
0.045981
0.489093
0.720601
0.881346
0.330442
0.594981
0.285036
0.706354
0.768855
0.652610
0.144352
0.098285
0.482731
0.975133
0.016878
0.179211
0.007694
0.635052
0.572840
0.306809
0.539774
0.779427
0.753514
0.262572
0.351923
0.287556
0.248546
0.334823
0.005763
0.178233
0.771650
0.350559
0.892936
0.412312
0.036067
0.996477
0.478040
0.290649
0.220814
0.360641
0.017442
0.080980
0.164130
0.084609
0.594981
0.335087
0.304991
0.537829
0.326620
0.074926
0.639796
0.747933
0.300073
0.672524
0.279968
0.496490
0.466247
0.320516
0.030129
