0.735081
0.208513
0.793240
0.515361
0.357137
0.353199
0.565506
0.664943
0.166115
0.989979
0.234968
0.612670
0.467754
0.622963
0.178124
0.550690
0.469155
0.715124
0.274967
0.826664
0.297069
0.099989
0.401636
0.668972
0.135464
0.237145
0.167862
0.127212
0.921313
0.337382
0.087410
0.341469
0.447624
0.962558
0.263533
0.366219
0.108693
0.984799
0.873088
0.071087
0.941949
0.070481
0.492730
0.963430
0.133327
0.381654
0.345409
0.720019
0.380504
0.534174
0.844101
0.035975
0.807323
0.385407
0.268528
0.513225
0.860268
0.608299
0.011586
0.536800
0.966067
0.815140
0.018032
0.203326
0.221654
0.204719
0.642881
0.415739
0.631494
0.751923
0.880460
0.329832
0.804445
0.138988
0.789428
0.773656
0.760875
0.980776
0.597687
0.873361
0.578445
0.757031
0.058095
0.969159
0.579965
0.093419
0.065526
0.510644
0.658066
0.231867
0.562139
0.709164
0.598040
0.959718
0.138636
0.110844
0.504159
0.760762
0.660201
0.602753
