0.272757
0.152968
0.854443
0.138856
0.357321
0.029975
0.768632
0.148770
0.058522
0.789537
0.892598
0.295374
0.374691
0.372609
0.912858
0.316097
0.324978
0.016542
0.777101
0.998273
0.516149
0.079784
0.946756
0.616690
0.275808
0.221718
0.423969
0.720368
0.598629
0.036002
0.991692
0.952963
0.841524
0.853286
0.135895
0.255486
0.060174
0.932544
0.915069
0.559821
0.611606
0.256064
0.035923
0.439035
0.422744
0.416547
0.127743
0.206609
0.973572
0.878947
0.009718
0.456302
0.290251
0.574824
0.436850
0.899681
0.621897
0.277190
0.567018
0.519758
0.941011
0.603932
0.200622
0.876887
0.500485
0.249397
0.098675
0.291127
0.055418
0.386760
0.911085
0.921969
0.396410
0.689895
0.879571
0.099560
0.896625
0.526323
0.656050
0.366126
0.223863
0.838130
0.162316
0.509523
0.790519
0.768296
0.675483
0.180413
0.865251
0.145584
0.180907
0.638610
0.414426
0.774769
0.598982
0.892259
0.001691
0.132988
0.780200
0.234901
