0.704243
0.398180
0.309383
0.374881
0.840130
0.448783
0.018648
0.340400
0.718855
0.175324
0.768072
0.931868
0.541378
0.913165
0.165502
0.419182
0.010273
0.397589
0.577860
0.958745
0.229862
0.452905
0.256717
0.054896
0.125028
0.062149
0.065368
0.435916
0.327746
0.924561
0.444157
0.262867
0.289297
0.523149
0.178558
0.389863
0.100121
0.297960
0.801339
0.246008
0.696726
0.655219
0.447729
0.513562
0.088412
0.084410
0.668972
0.456089
0.825739
0.259486
0.488104
0.676430
0.279426
0.387922
0.343973
0.814825
0.347120
0.882669
0.845581
0.206670
0.038628
0.873725
0.172454
0.812722
0.433739
0.927109
0.305486
0.724901
0.484483
0.218308
0.186523
0.198184
0.505944
0.518742
0.026422
0.837628
0.335616
0.830551
0.077386
0.481529
0.718622
0.047290
0.717224
0.469694
0.825019
0.478911
0.429507
0.880548
0.375355
0.045737
0.819322
0.916502
0.291925
0.325755
0.041090
0.745648
0.050116
0.979508
0.579029
0.134008
