0.861591
0.026628
0.406704
0.269280
0.262794
0.088264
0.051368
0.431878
0.690131
0.717806
0.499263
0.514574
0.385697
0.162818
0.281131
0.033372
0.186748
0.363888
0.919848
0.896125
0.883021
0.786035
0.214498
0.708813
0.895875
0.739915
0.776879
0.069426
0.756578
0.967746
0.763467
0.164688
0.668498
0.384346
0.039471
0.769862
0.845483
0.631139
0.718855
0.871353
0.578912
0.349743
0.842616
0.707174
0.257880
0.870345
0.922982
0.694019
0.330442
0.821919
0.859319
0.194311
0.417965
0.052947
0.573074
0.415335
0.249894
0.106021
0.686356
0.232001
0.175003
0.914157
0.336145
0.817339
0.242724
0.791064
0.846565
0.573773
0.561907
0.044850
0.727336
0.465172
0.902613
0.096510
0.980546
0.904625
0.882669
0.964147
0.815874
0.706822
0.801554
0.663283
0.570975
0.834710
0.284095
0.644542
0.927670
0.569461
0.615862
0.824091
0.588870
0.570160
0.700017
0.594040
0.476952
0.098806
0.675957
0.505274
0.029822
0.494387
