0.158934
0.950942
0.300889
0.360918
0.523829
0.067683
0.004583
0.284017
0.537486
0.522018
0.783178
0.682459
0.565042
0.882581
0.441958
0.237896
0.121341
0.483060
0.859984
0.329223
0.456302
0.950942
0.537371
0.116687
0.749417
0.524622
0.603461
0.831772
0.977511
0.799942
0.200323
0.654745
0.625213
0.787898
0.559473
0.945681
0.211613
0.719204
0.985135
0.284408
0.446046
0.478040
0.929060
0.161215
0.543443
0.154406
0.377162
0.924347
0.483388
0.461314
0.518291
0.621305
0.226682
0.382999
0.873906
0.536343
0.600632
0.419182
0.792697
0.570626
0.158000
0.321799
0.814195
0.839630
0.082581
0.239818
0.438931
0.179048
0.651186
0.082331
0.861119
0.376496
0.365006
0.837327
0.035600
0.749873
0.050542
0.883021
0.173778
0.576692
0.109835
0.660675
0.899599
0.124387
0.812511
0.274203
0.711504
0.553921
0.226287
0.037951
0.004352
0.979508
0.672524
0.963526
0.680805
0.258171
0.083702
0.335792
0.384828
0.602517
