0.801125
0.030151
0.360548
0.400548
0.509971
0.444681
0.078630
0.205023
0.975552
0.090144
0.576575
0.670156
0.538630
0.783729
0.833800
0.725597
0.688008
0.185568
0.713140
0.583945
0.131849
0.827895
0.603107
0.955639
0.872724
0.243141
0.428170
0.810399
0.391128
0.164282
0.352287
0.758163
0.704243
0.071160
0.145446
0.121576
0.782628
0.461849
0.194777
0.513899
0.137412
0.284252
0.701662
0.445731
0.406006
0.636000
0.090778
0.711387
0.680923
0.984429
0.566436
0.959361
0.250605
0.677495
0.552535
0.808916
0.359901
0.035253
0.145996
0.094670
0.351195
0.845286
0.731849
0.880637
0.564925
0.975171
0.221783
0.582891
0.848329
0.540232
0.074875
0.202843
0.987979
0.095079
0.061527
0.585351
0.217606
0.089065
0.454071
0.829225
0.324634
0.394742
0.615507
0.223602
0.880903
0.402726
0.522131
0.737270
0.807429
0.967836
0.564112
0.967657
0.963092
0.435293
0.757824
0.006206
0.395821
0.338091
0.028224
0.024646
