0.724785
0.903984
0.957968
0.275120
0.981231
0.563068
0.986409
0.442272
0.752150
0.182339
0.237418
0.468185
0.384442
0.185512
0.746562
0.381270
0.079433
0.973652
0.880726
0.659015
0.667076
0.230462
0.397393
0.493724
0.509635
0.223277
0.102526
0.200921
0.865438
0.110808
0.295132
0.405010
0.086158
0.365286
0.669682
0.121341
0.090054
0.891580
0.008848
0.211551
0.052115
0.418878
0.353655
0.907488
0.921750
0.678795
0.659726
0.641813
0.246500
0.767063
0.631376
0.020934
0.659489
0.855980
0.132270
0.164282
0.356494
0.464099
0.697431
0.193497
0.225171
0.331228
0.479020
0.905345
0.782297
0.011165
0.147933
0.190613
0.463885
0.088649
0.449416
0.883899
0.344152
0.833294
0.919701
0.300971
0.087147
0.903903
0.529049
0.906221
0.593334
0.636949
0.092644
0.378878
0.840827
0.347210
0.868594
0.387631
0.616099
0.821297
0.508963
0.692841
0.544247
0.601457
0.659845
0.450577
0.326101
0.297960
0.469802
0.307720
