0.101618
0.504382
0.254980
0.022333
0.212300
0.592041
0.537829
0.358702
0.704243
0.159774
0.125591
0.270184
0.366967
0.947290
0.508963
0.106126
0.114029
0.381654
0.907567
0.275273
0.010285
0.945320
0.215066
0.421419
0.162969
0.461421
0.324720
0.881788
0.308551
0.167295
0.767063
0.511653
0.454920
0.876887
0.096478
0.624266
0.186974
0.090809
0.016706
0.289139
0.582540
0.870804
0.950028
0.762341
0.686474
0.345409
0.973533
0.366126
0.237760
0.346760
0.001501
0.407702
0.793783
0.797140
0.391031
0.670748
0.903581
0.264274
0.396213
0.993335
0.940507
0.876708
0.693548
0.246289
0.172560
0.582188
0.900663
0.937177
0.338711
0.246500
0.307223
0.359901
0.329310
0.212238
0.508516
0.088827
0.467754
0.059405
0.016336
0.992579
0.291605
0.404811
0.146455
0.962019
0.913776
0.883986
0.144216
0.266880
0.235919
0.661268
0.986090
0.028853
0.887467
0.579380
0.753060
0.668261
0.114029
0.202542
0.167707
0.308052
