0.677613
0.787131
0.809552
0.166679
0.116045
0.749303
0.213742
0.370346
0.690013
0.105917
0.540805
0.223016
0.246640
0.111642
0.382038
0.756125
0.910542
0.879482
0.024328
0.738191
0.144762
0.992755
0.865718
0.037719
0.678441
0.662572
0.535201
0.074875
0.337029
0.152730
0.481639
0.365939
0.499707
0.431466
0.621897
0.679623
0.644304
0.659489
0.005821
0.853093
0.706002
0.820570
0.111315
0.855308
0.245657
0.051695
0.800158
0.114177
0.507173
0.169520
0.284879
0.073409
0.234021
0.061463
0.064027
0.712439
0.549307
0.633984
0.509299
0.000200
0.422744
0.691074
0.304909
0.265240
0.036965
0.683168
0.766165
0.469047
0.471314
0.160468
0.722694
0.772430
0.024346
0.742097
0.860268
0.328614
0.141962
0.859129
0.912705
0.101484
0.217032
0.167141
0.471639
0.126602
0.233886
0.397885
0.413419
0.940254
0.775769
0.293846
0.597923
0.762003
0.336410
0.948348
0.556463
0.548386
0.166371
0.398180
0.375735
0.271771
