0.147054
0.950771
0.973572
0.965975
0.773879
0.819426
0.787569
0.341737
0.771873
0.656168
0.741408
0.274432
0.963430
0.784168
0.652965
0.420503
0.434775
0.960728
0.763693
0.084381
0.128194
0.790192
0.142770
0.412010
0.448889
0.806045
0.543902
0.674182
0.468616
0.032120
0.814300
0.250605
0.826767
0.555192
0.400647
0.804338
0.256354
0.107315
0.062257
0.314493
0.153781
0.034046
0.087059
0.106056
0.354295
0.366126
0.019939
0.078577
0.574007
0.035574
0.991263
0.628413
0.366500
0.530869
0.521226
0.295696
0.375545
0.514012
0.176450
0.522470
0.066390
0.598158
0.459711
0.780974
0.310801
0.436435
0.610306
0.513225
0.077993
0.756918
0.181181
0.070820
0.562603
0.521792
0.020029
0.374028
0.354844
0.219912
0.680214
0.052207
0.973013
0.198007
0.832787
0.426528
0.384057
0.983374
0.631613
0.735658
0.424787
0.757144
0.617873
0.430331
0.486676
0.142725
0.485030
0.841822
0.414225
0.329919
0.405209
0.566436
