0.859981
0.262128
0.827056
0.724712
0.291521
0.306572
0.992718
0.604451
0.115253
0.171651
0.276154
0.027990
0.772457
0.142918
0.584680
0.994857
0.567630
0.867168
0.646982
0.374324
0.812226
0.974392
0.773433
0.250300
0.240376
0.406396
0.194995
0.479051
0.629905
0.463150
0.032241
0.581084
0.575003
0.603182
0.029750
0.993036
0.365297
0.580030
0.868200
0.944110
0.657555
0.034970
0.094733
0.296665
0.104466
0.152491
0.456494
0.403188
0.759316
0.466303
0.664059
0.277999
0.049408
0.817700
0.646206
0.369277
0.607632
0.662985
0.332885
0.292632
0.689173
0.102567
0.120700
0.276163
0.671167
0.743990
0.437513
0.966300
0.781780
0.781056
0.782247
0.542767
0.096019
0.734305
0.019365
0.004575
0.669119
0.113920
0.380964
0.700958
0.914976
0.990408
0.643084
0.767701
0.873754
0.680859
0.451914
0.340171
0.951172
0.885200
0.316790
0.476704
0.998865
0.285711
0.917491
0.419759
0.515091
0.286917
0.862430
0.669348
