0.444790
0.185109
0.410611
0.120452
0.650142
0.952231
0.951884
0.978844
0.453162
0.188004
0.204989
0.974289
0.958928
0.091871
0.472705
0.700088
0.093000
0.212847
0.778275
0.804096
0.199060
0.793140
0.367691
0.791158
0.837513
0.977493
0.269319
0.148328
0.794697
0.956193
0.344815
0.945039
0.458397
0.028322
0.974769
0.750458
0.971405
0.404438
0.311644
0.363007
0.378012
0.383173
0.938257
0.338521
0.568645
0.874995
0.996860
0.720175
0.200570
0.098391
0.677363
0.405769
0.879522
0.701665
0.130641
0.216948
0.241600
0.208741
0.177479
0.475514
0.665942
0.866260
0.496148
0.137468
0.437441
0.972305
0.610504
0.148953
0.208896
0.447077
0.827601
0.124863
0.384000
0.627029
0.436301
0.390987
0.580226
0.162254
0.457895
0.335753
0.268843
0.599750
0.741481
0.214997
0.499108
0.681199
0.751266
0.760287
0.791210
0.383310
0.560153
0.297816
0.391751
0.078406
0.710243
0.833083
0.839522
0.749649
0.386694
0.548193
