0.390167
0.106652
0.365208
0.427098
0.841207
0.948904
0.910077
0.918626
0.462158
0.170210
0.263995
0.940708
0.917612
0.189303
0.556496
0.792907
0.051470
0.331035
0.627835
0.978412
0.238802
0.875359
0.688499
0.884831
0.530394
0.984562
0.441390
0.089316
0.843316
0.919670
0.247829
0.998938
0.674393
0.211287
0.780498
0.861641
0.996860
0.721518
0.423790
0.255311
0.595523
0.315446
0.967621
0.926154
0.642293
0.363672
0.980659
0.747771
0.318812
0.336891
0.826785
0.721518
0.473758
0.797941
0.140605
0.767440
0.599193
0.242375
0.598499
0.123789
0.675779
0.934631
0.871130
0.373695
0.176674
0.959360
0.779051
0.608183
0.278368
0.860786
0.253838
0.014825
0.411710
0.384489
0.519688
0.400208
0.570120
0.208131
0.945570
0.408330
0.205147
0.620830
0.668270
0.083238
0.498348
0.776986
0.956604
0.263911
0.956983
0.308850
0.540774
0.252858
0.136331
0.181002
0.408429
0.462870
0.703757
0.962250
0.884881
0.264913
