0.390167
0.444790
0.106652
0.185109
0.365208
0.410611
0.427098
0.120452
0.841207
0.650142
0.948904
0.952231
0.910077
0.951884
0.918626
0.978844
0.462158
0.453162
0.170210
0.188004
0.263995
0.204989
0.940708
0.974289
0.917612
0.958928
0.189303
0.091871
0.556496
0.472705
0.792907
0.700088
0.051470
0.093000
0.331035
0.212847
0.627835
0.778275
0.978412
0.804096
0.238802
0.199060
0.875359
0.793140
0.688499
0.367691
0.884831
0.791158
0.530394
0.837513
0.984562
0.977493
0.441390
0.269319
0.089316
0.148328
0.843316
0.794697
0.919670
0.956193
0.247829
0.344815
0.998938
0.945039
0.674393
0.458397
0.211287
0.028322
0.780498
0.974769
0.861641
0.750458
0.996860
0.971405
0.721518
0.404438
0.423790
0.311644
0.255311
0.363007
0.595523
0.378012
0.315446
0.383173
0.967621
0.938257
0.926154
0.338521
0.642293
0.568645
0.363672
0.874995
0.980659
0.996860
0.747771
0.720175
0.318812
0.200570
0.336891
0.098391
0.826785
0.677363
0.721518
0.405769
0.473758
0.879522
0.797941
0.701665
0.140605
0.130641
0.767440
0.216948
0.599193
0.241600
0.242375
0.208741
0.598499
0.177479
0.123789
0.475514
0.675779
0.665942
0.934631
0.866260
0.871130
0.496148
0.373695
0.137468
0.176674
0.437441
0.959360
0.972305
0.779051
0.610504
0.608183
0.148953
0.278368
0.208896
0.860786
0.447077
0.253838
0.827601
0.014825
0.124863
0.411710
0.384000
0.384489
0.627029
0.519688
0.436301
0.400208
0.390987
0.570120
0.580226
0.208131
0.162254
0.945570
0.457895
0.408330
0.335753
0.205147
0.268843
0.620830
0.599750
0.668270
0.741481
0.083238
0.214997
0.498348
0.499108
0.776986
0.681199
0.956604
0.751266
0.263911
0.760287
0.956983
0.791210
0.308850
0.383310
0.540774
0.560153
0.252858
0.297816
0.136331
0.391751
0.181002
0.078406
0.408429
0.710243
0.462870
0.833083
0.703757
0.839522
0.962250
0.749649
0.884881
0.386694
0.264913
0.548193
