0.548506
0.088755
0.251795
0.441300
0.767230
0.910823
0.092182
0.628386
0.065768
0.551175
0.811881
0.552512
0.861865
0.807231
0.941010
0.407670
0.290055
0.618484
0.258476
0.342112
0.576844
0.174464
0.590577
0.490194
0.730846
0.695058
0.338063
0.252624
0.657043
0.776410
0.730846
0.639785
0.230917
0.004131
0.750485
0.137279
0.813433
0.337055
0.469066
0.841481
0.080811
0.028235
0.365995
0.459300
0.891821
0.157362
0.112739
0.764177
0.048838
0.718847
0.767230
0.416792
0.004053
0.502858
0.794864
0.407670
0.423711
0.971282
0.861865
0.941010
0.535258
0.156776
0.528695
0.524776
0.367057
0.902899
0.744424
0.230917
0.545844
0.433040
0.985639
0.511824
0.303950
0.536575
0.695058
0.556532
0.797951
0.188846
0.664288
0.043176
0.683274
0.042357
0.693581
0.711382
0.440114
0.292800
0.899732
0.188174
0.910823
0.465390
0.426032
0.219447
0.382118
0.163922
0.708404
0.142648
0.717352
0.793321
0.182204
0.756561
