0.286886
0.539152
0.246851
0.185161
0.278704
0.191492
0.312218
0.677245
0.611314
0.858306
0.120213
0.200303
0.270123
0.175917
0.710641
0.711903
0.053932
0.672047
0.194317
0.623082
0.755885
0.490669
0.944534
0.842921
0.515809
0.259619
0.259528
0.741791
0.949703
0.955767
0.579767
0.776073
0.519932
0.742169
0.939122
0.448924
0.477898
0.946890
0.314142
0.096943
0.717839
0.572972
0.437109
0.248873
0.783171
0.290175
0.387636
0.998672
0.996528
0.580495
0.802621
0.957072
0.540179
0.610711
0.849403
0.860113
0.783002
0.275572
0.441166
0.017790
0.228166
0.475294
0.970317
0.898537
0.178924
0.757337
0.260114
0.473545
0.727856
0.614314
0.925965
0.009965
0.535043
0.800052
0.340209
0.081101
0.644480
0.109139
0.924165
0.215042
0.797154
0.720058
0.680017
0.157400
0.060998
0.483485
0.439926
0.114879
0.479420
0.872916
0.139463
0.261163
0.463986
0.835824
0.600482
0.927544
0.938860
0.201224
0.278730
0.166936
