0.101903
0.116179
0.799675
0.755710
0.567692
0.750847
0.483806
0.465491
0.390857
0.997702
0.466387
0.597275
0.980077
0.617927
0.346385
0.621823
0.123115
0.224835
0.327332
0.344046
0.809875
0.359500
0.448259
0.137256
0.992723
0.526200
0.939934
0.368469
0.303664
0.989729
0.220913
0.354996
0.626964
0.225797
0.395178
0.841710
0.249662
0.265703
0.433336
0.170813
0.722472
0.676824
0.390920
0.748486
0.164292
0.072182
0.958247
0.454862
0.435613
0.580903
0.322191
0.104699
0.607446
0.469222
0.368542
0.516479
0.913559
0.997538
0.154583
0.470994
0.036882
0.390432
0.797432
0.171097
0.896502
0.027152
0.934157
0.429657
0.325133
0.616143
0.581265
0.340321
0.064219
0.714661
0.176991
0.864724
0.968489
0.988282
0.980115
0.398585
0.415842
0.489540
0.266996
0.552048
0.904953
0.976556
0.499958
0.760793
0.002079
0.366738
0.081530
0.043413
0.460225
0.830921
0.530466
0.592737
0.983882
0.372702
0.405819
0.532730
